"." 	"history" 	"Freq" 	"Rcuad" 	"psF" 	"psT"
"1" 	-37 	-72 	2 	0.999942840158823 	169.842720242931 	NA
"2" 	-29 	-40 	2 	0.999872338258832 	153.572556558124 	NA
"3" 	-34 	-59 	2 	0.999801757330355 	149.801664566058 	NA
"4" 	-10 	-63 	2 	0.999718951390799 	142.284134297171 	NA
"5" 	-20 	-71 	2 	0.999628188736056 	135.784676405195 	NA
"6" 	-11 	-97 	2 	0.999533340028265 	131.1359929795 	NA
"7" 	-5 	-36 	2 	0.999419467750135 	124.236085748027 	NA
"8" 	-16 	-46 	2 	0.999300502040305 	119.049727997793 	NA
"9" 	1 	-54 	3 	0.999181528777182 	115.653794644608 	2.08141346568955
"10" 	3 	-81 	3 	0.999057375193432 	112.751859221338 	1.7590245187863
"11" 	-78 	-80 	2 	0.99893104771254 	110.53171976129 	NA
"12" 	-4 	-47 	2 	0.998804334272591 	108.959237705865 	NA
"13" 	-30 	-31 	2 	0.998655013641691 	106.071709253774 	NA
"14" 	6 	2 	4 	0.99850199610614 	103.686334437594 	1.85082519627457
"15" 	13 	-95 	3 	0.998311202330221 	99.629872798193 	1.27774557854679
"16" 	14 	-90 	5 	0.998106680971742 	95.8496372171554 	1.92721567243456
"17" 	-21 	-98 	2 	0.997899431390871 	92.8281238080009 	NA
"18" 	-77 	-102 	2 	0.997687974930464 	90.3184035973486 	NA
"19" 	8 	-100 	3 	0.997472148604238 	88.2031131272124 	1.81418937048793
"20" 	-19 	-39 	2 	0.997249073455564 	86.3128301498685 	NA
"21" 	4 	10 	5 	0.997020947069026 	84.6773514113211 	2.46587175028923
"22" 	-2 	-101 	2 	0.996777268877252 	82.9818056678266 	NA
"23" 	5 	-85 	3 	0.996530061836456 	81.5476567200488 	2.72366472199047
"24" 	-69 	-89 	2 	0.996274272625544 	80.2211895150627 	NA
"25" 	-27 	11 	3 	0.996011091211341 	79.0174456209387 	2.08332670251182
"26" 	-3 	-6 	2 	0.995745007969881 	78.0060221751656 	NA
"27" 	-25 	-67 	2 	0.995464166943018 	76.9558445710415 	NA
"28" 	-33 	-88 	2 	0.9951610382133 	75.7679629221646 	NA
"29" 	20 	-35 	3 	0.994853583704279 	74.7465220316813 	1.37825531373063
"30" 	-18 	-82 	2 	0.994542618981376 	73.8803012406804 	NA
"31" 	-55 	-68 	2 	0.994218365190449 	73.0247297471941 	NA
"32" 	-65 	-103 	2 	0.993888663088699 	72.2801411732425 	NA
"33" 	17 	-91 	3 	0.993555170293783 	71.6532894141899 	1.6091361609204
"34" 	-44 	-64 	2 	0.993187291752643 	70.8096161583483 	NA
"35" 	-50 	-51 	2 	0.992811830716462 	70.0595915485675 	NA
"36" 	-24 	-94 	2 	0.992406588250821 	69.1904693892568 	NA
"37" 	-42 	-70 	2 	0.991983162407195 	68.332630018836 	NA
"38" 	-32 	-48 	2 	0.991556594922302 	67.6144536552929 	NA
"39" 	-41 	-52 	2 	0.991125225626353 	67.0073525634279 	NA
"40" 	7 	9 	5 	0.99066865833773 	66.3535784960708 	4.72302222253535
"41" 	-61 	-73 	2 	0.990204091848619 	65.7844608183788 	NA
"42" 	-60 	-76 	2 	0.989729697809854 	65.2816286163736 	NA
"43" 	26 	27 	4 	0.989249669792736 	64.866838294343 	1.75537289134918
"44" 	-49 	-104 	2 	0.988764440906994 	64.5356334588803 	NA
"45" 	-26 	-74 	2 	0.988276844599612 	64.297575946972 	NA
"46" 	-43 	-93 	2 	0.98775279245916 	63.964797128745 	NA
"47" 	-17 	29 	4 	0.987202931589518 	63.6090555046697 	2.07287514153932
"48" 	37 	-66 	3 	0.986627018747429 	63.2379785637516 	1.36012681029737
"49" 	-62 	-84 	2 	0.986027888446813 	62.8724732380754 	NA
"50" 	30 	-99 	3 	0.985418393047507 	62.5736546719205 	1.96001460749665
"51" 	-23 	-28 	2 	0.984781621876245 	62.2681368233449 	NA
"52" 	-56 	-75 	2 	0.9841133507141 	61.9459354206024 	NA
"53" 	-14 	28 	3 	0.983401587724592 	61.5701272455292 	2.34805519809781
"54" 	31 	24 	4 	0.982670858639836 	61.2427647321708 	2.51956866107642
"55" 	-9 	-79 	2 	0.981888096461937 	60.850550006018 	NA
"56" 	19 	25 	6 	0.981061704287873 	60.4369055026928 	4.56380566983627
"57" 	35 	-92 	3 	0.980217194279663 	60.0912762795976 	2.24926137955769
"58" 	41 	-87 	3 	0.979370046730295 	59.8575221603213 	1.82352272327693
"59" 	55 	-13 	3 	0.978501841358004 	59.6760242498626 	1.10915600779418
"60" 	36 	44 	4 	0.977614032802318 	59.5511479561397 	1.99401935684146
"61" 	15 	42 	5 	0.976725609702274 	59.5327084881291 	3.27224268156284
"62" 	12 	54 	6 	0.975828915332538 	59.5963884543561 	2.49517467321478
"63" 	51 	-83 	3 	0.974894691745204 	59.6690110864472 	1.46712607212031
"64" 	-12 	53 	4 	0.973912386088118 	59.7317877750122 	1.93578415997648
"65" 	23 	-57 	4 	0.972921149786834 	59.8819830561462 	5.86582947744169
"66" 	22 	63 	5 	0.971749479566331 	59.7431617531141 	1.93699402462089
"67" 	40 	33 	8 	0.970524126822572 	59.6228505403133 	5.71120214946617
"68" 	21 	56 	11 	0.969264175662676 	59.5667229131066 	5.51438500574796
"69" 	57 	49 	5 	0.967989254471443 	59.6150336891856 	2.10255661906554
"70" 	-1 	-22 	2 	0.966674600938614 	59.7205875923996 	NA
"71" 	50 	46 	5 	0.965278970298892 	59.8142494020193 	2.8984813956913
"72" 	64 	18 	6 	0.963823473485397 	59.9450258019322 	2.63598901610753
"73" 	43 	61 	9 	0.962315081467803 	60.1327239917118 	3.86783642695486
"74" 	59 	39 	5 	0.960668540220346 	60.2481850191253 	2.3721540304723
"75" 	-45 	-86 	2 	0.958947429562623 	60.4112344085385 	NA
"76" 	34 	52 	4 	0.957188573224503 	60.6866779704667 	3.39498497667951
"77" 	-7 	32 	3 	0.955379701049914 	61.0619254861716 	5.4863835110196
"78" 	38 	-38 	3 	0.953546456981034 	61.5806499361131 	4.29766480991459
"79" 	-8 	58 	4 	0.951673771778215 	62.2289226673702 	2.85532539545128
"80" 	62 	16 	11 	0.949603416262651 	62.8087161100499 	6.52178755353919
"81" 	45 	76 	6 	0.947218146800018 	63.2007974408279 	2.90655913716028
"82" 	71 	-105 	6 	0.944656155411639 	63.6202842593372 	3.60825701584257
"83" 	80 	67 	19 	0.941982637674853 	64.1717252458735 	6.10876817426974
"84" 	66 	-53 	6 	0.939238048454475 	64.9222038326601 	3.67618731449914
"85" 	73 	-15 	10 	0.936477443845935 	65.9530190171592 	5.21080686036185
"86" 	72 	48 	9 	0.933684218531397 	67.2680862981788 	4.19269259417536
"87" 	79 	65 	8 	0.930593095654352 	68.616329511253 	4.10907385201347
"88" 	-58 	-96 	2 	0.927463671036287 	70.3240743442016 	NA
"89" 	77 	81 	9 	0.923432523251363 	71.5582281662297 	3.61470945642188
"90" 	70 	82 	8 	0.919239217194939 	73.1715909929417 	3.74581377279473
"91" 	74 	68 	16 	0.913833336252159 	74.2379137770134 	10.7424131676757
"92" 	87 	78 	11 	0.90822308164715 	75.8692245384728 	5.11856540088492
"93" 	86 	60 	13 	0.902086248120925 	77.8923189265373 	7.30971397632206
"94" 	90 	47 	12 	0.894737591778307 	79.9006359896559 	6.12874016842226
"95" 	84 	85 	16 	0.88667014103128 	82.5845546643732 	8.87242505470776
"96" 	89 	69 	14 	0.873387472526222 	82.7773513366225 	10.6748002155634
"97" 	96 	88 	16 	0.852180590161362 	79.8865872272182 	9.47227872962819
"98" 	95 	93 	29 	0.82769454525141 	78.4595642981736 	18.2786788905771
"99" 	94 	92 	23 	0.794789657527248 	76.6863649727061 	19.8484498156458
"100" 	83 	91 	35 	0.761131313328786 	79.6600136183222 	49.2240674344837
"101" 	98 	97 	45 	0.718494504696978 	85.9283935662666 	16.1951413208995
"102" 	100 	75 	37 	0.630777098833133 	87.1279434152732 	52.9839505254303
"103" 	101 	102 	82 	0.428000062266126 	77.06994967178 	53.8041243436455
"104" 	99 	103 	105 	0 	NA 	77.0699496717799
