"." 	"history" 	"Freq" 	"Rcuad" 	"psF" 	"psT"
"1" 	-182 	-199 	2 	1 	Inf 	NA
"2" 	-84 	-270 	2 	1 	Inf 	NA
"3" 	-65 	-202 	2 	1 	Inf 	NA
"4" 	-54 	-469 	2 	1 	Inf 	NA
"5" 	-13 	3 	3 	1 	Inf 	NA
"6" 	-113 	-306 	2 	0.99999995538051 	280731.480275325 	NA
"7" 	-254 	-480 	2 	0.999999901705129 	148983.867515006 	NA
"8" 	-169 	-347 	2 	0.999999827038088 	96966.3516951076 	NA
"9" 	-32 	-452 	2 	0.999999754531417 	77026.3882374221 	NA
"10" 	-10 	-304 	2 	0.999999684813464 	66794.1758857605 	NA
"11" 	-196 	-401 	2 	0.99999961509551 	60292.2095100026 	NA
"12" 	-315 	-478 	2 	0.999999527948069 	53744.0167425425 	NA
"13" 	-30 	-243 	2 	0.999999400887099 	45971.8966936054 	NA
"14" 	-370 	-456 	2 	0.999999255026292 	39899.3535687433 	NA
"15" 	-38 	-41 	2 	0.999971360098574 	1114.31876469045 	NA
"16" 	-21 	-422 	2 	0.999971203233179 	1184.65230488014 	NA
"17" 	-125 	-147 	2 	0.999943277592954 	640.359388589784 	NA
"18" 	-280 	-354 	2 	0.999915343134735 	455.257043715216 	NA
"19" 	9 	-255 	3 	0.999878136057473 	334.533436567711 	513.153846153846
"20" 	-111 	6 	3 	0.999877938228961 	352.325731090519 	4.43367935409458
"21" 	-299 	-387 	2 	0.999849981329729 	301.641328841196 	NA
"22" 	-179 	-398 	2 	0.999822024430497 	266.934063558447 	NA
"23" 	-16 	-364 	2 	0.999794036855366 	241.661178243509 	NA
"24" 	-191 	-369 	2 	0.99979377551488 	252.394866196077 	NA
"25" 	-345 	-475 	2 	0.99979349548432 	263.12549551982 	NA
"26" 	22 	-236 	3 	0.999746993609537 	223.830507024103 	1.66334164588529
"27" 	-409 	-439 	2 	0.999746714737724 	232.690338443208 	NA
"28" 	-292 	-426 	2 	0.999690931873406 	198.177052234136 	NA
"29" 	-326 	-462 	2 	0.999635143392963 	174.241842964832 	NA
"30" 	-60 	-319 	2 	0.999579361283966 	156.68156306348 	NA
"31" 	-269 	-412 	2 	0.999551246822428 	152.090948878534 	NA
"32" 	2 	11 	4 	0.999550933091638 	157.233706425505 	9
"33" 	-17 	30 	3 	0.999495135489763 	144.537769046634 	1.00027773920289
"34" 	14 	-436 	3 	0.999457807750347 	138.967592863998 	255.913429863334
"35" 	-86 	-402 	2 	0.999436661015332 	137.987898297612 	NA
"36" 	-297 	-344 	2 	0.999408530375687 	135.47737275288 	NA
"37" 	-81 	-339 	2 	0.999380364322595 	133.20425768892 	NA
"38" 	19 	-93 	4 	0.99937530698227 	135.999726868983 	0.271319569120287
"39" 	-256 	-448 	2 	0.999319421070988 	128.397207077655 	NA
"40" 	-367 	-385 	2 	0.999291368707023 	126.756952656099 	NA
"41" 	-253 	-258 	2 	0.999235417136259 	120.682457514579 	NA
"42" 	-89 	-442 	2 	0.999207181335291 	119.488812480725 	NA
"43" 	-272 	-365 	2 	0.999178926130408 	118.387873790729 	NA
"44" 	-102 	-240 	2 	0.999122994708375 	113.666065553578 	NA
"45" 	15 	-343 	3 	0.999076271569467 	110.615037568881 	1.67496899009534
"46" 	33 	27 	5 	0.998987032589375 	103.337437729775 	2.39335180055402
"47" 	-52 	-239 	2 	0.998903360111076 	97.7424414211484 	NA
"48" 	-212 	-403 	2 	0.998902635595008 	99.9843644729223 	NA
"49" 	-287 	-363 	2 	0.998818954685074 	95.0451159877774 	NA
"50" 	-90 	-311 	2 	0.998763089513271 	92.8121770719342 	NA
"51" 	-163 	-168 	2 	0.998679410270046 	88.8666128230607 	NA
"52" 	-260 	-465 	2 	0.998651174499002 	88.9146854068086 	NA
"53" 	-441 	-474 	2 	0.998622908127486 	88.9673658374623 	NA
"54" 	-31 	-250 	2 	0.9985670255173 	87.3082440099856 	NA
"55" 	-167 	-389 	2 	0.998483307327626 	84.2049173811525 	NA
"56" 	-210 	-346 	2 	0.998427306706784 	82.8711089449695 	NA
"57" 	-82 	-390 	2 	0.998399028006875 	83.0522689369889 	NA
"58" 	-64 	28 	3 	0.998342998631561 	81.8383807825996 	1.00441911684499
"59" 	-333 	-484 	2 	0.998286994982397 	80.7122010663209 	NA
"60" 	-14 	-309 	2 	0.998258635268325 	80.9311388348992 	NA
"61" 	-351 	-361 	2 	0.998195777654271 	79.5957078926596 	NA
"62" 	-118 	25 	3 	0.998121200046875 	77.8671109254605 	266.319531034483
"63" 	8 	-208 	3 	0.998084010191037 	77.7681918952486 	498.075929930983
"64" 	-6 	1 	3 	0.998046362496311 	77.6612918540173 	Inf
"65" 	-99 	-262 	2 	0.997990241419411 	76.8504596460329 	NA
"66" 	-15 	-282 	2 	0.99793418087335 	76.0920906595171 	NA
"67" 	5 	32 	7 	0.997838433224342 	73.9929073259365 	1248.50649350649
"68" 	-100 	-464 	2 	0.99778228509609 	73.3673667064945 	NA
"69" 	-244 	-313 	2 	0.99775377784256 	73.6760669754453 	NA
"70" 	-119 	-445 	2 	0.997725315398581 	73.9843303771391 	NA
"71" 	-211 	-259 	2 	0.997697359121669 	74.3071526274432 	NA
"72" 	-77 	-206 	2 	0.997641268206685 	73.7357818506823 	NA
"73" 	-29 	-91 	2 	0.99758504578793 	73.1925155199436 	NA
"74" 	-221 	-473 	2 	0.997528896401278 	72.6815917378915 	NA
"75" 	-139 	-213 	2 	0.997500360260781 	72.9983506157264 	NA
"76" 	-92 	62 	4 	0.997490080864869 	73.8480684371577 	0.274638532373793
"77" 	-205 	-423 	2 	0.997434011355422 	73.3601152635751 	NA
"78" 	-198 	-234 	2 	0.997405480119979 	73.674117228369 	NA
"79" 	-62 	-432 	2 	0.997321617395976 	72.4542182207498 	NA
"80" 	-378 	-477 	2 	0.997320801243784 	73.530057930489 	NA
"81" 	-154 	-200 	2 	0.997264606916157 	73.0961184022137 	NA
"82" 	-204 	7 	3 	0.997189980949712 	72.2066918819516 	1390.32020428225
"83" 	-2 	-463 	2 	0.997161435321097 	72.5301739325863 	NA
"84" 	-404 	-468 	2 	0.997132807429444 	72.8502516553577 	NA
"85" 	-384 	-438 	2 	0.997048872808951 	71.7938847619162 	NA
"86" 	-283 	-421 	2 	0.997020202698921 	72.1178534409155 	NA
"87" 	-83 	-268 	2 	0.99690854611915 	70.4901975425123 	NA
"88" 	-174 	-467 	2 	0.9968524667155 	70.2025232280748 	NA
"89" 	-233 	40 	3 	0.996768440188409 	69.3229285241251 	2.99534567550645
"90" 	-71 	-155 	2 	0.996684395156511 	68.4920724022965 	NA
"91" 	-281 	-405 	2 	0.99654489940634 	66.6164284653186 	NA
"92" 	-415 	-466 	2 	0.996405396141322 	64.8903791376214 	NA
"93" 	-67 	-449 	2 	0.996370505474584 	65.1285784413161 	NA
"94" 	26 	21 	5 	0.996316027865956 	65.0177410756536 	1.59577944179714
"95" 	-98 	-307 	2 	0.996287560722143 	65.3708824021539 	NA
"96" 	-130 	-195 	2 	0.996231596708073 	65.2415948578358 	NA
"97" 	-80 	-360 	2 	0.996175625818433 	65.1201725121319 	NA
"98" 	-107 	-166 	2 	0.996119423939379 	65.0025388097308 	NA
"99" 	-340 	-431 	2 	0.996035427931171 	64.4356715442017 	NA
"100" 	-214 	-334 	2 	0.995951622122433 	63.8993544679338 	NA
"101" 	24 	56 	4 	0.995867517967196 	63.3841605084035 	2.98973420943614
"102" 	-33 	-72 	2 	0.99583887299287 	63.7352217666456 	NA
"103" 	-277 	-290 	2 	0.995699333614781 	62.4261172669889 	NA
"104" 	-105 	-238 	2 	0.99561524041918 	61.9803627773632 	NA
"105" 	-180 	-433 	2 	0.995531409590436 	61.5587964379297 	NA
"106" 	-11 	-148 	2 	0.995419595052068 	60.7811574190844 	NA
"107" 	-145 	-192 	2 	0.995335523512936 	60.403009033773 	NA
"108" 	-368 	-397 	2 	0.995306883662326 	60.7544499017943 	NA
"109" 	-73 	-366 	2 	0.995250360671233 	60.7449759709627 	NA
"110" 	-178 	-454 	2 	0.995193823373326 	60.7392412302747 	NA
"111" 	-74 	-187 	2 	0.995054310667483 	59.7133353344174 	NA
"112" 	-231 	-418 	2 	0.994886953151191 	58.4255964209811 	NA
"113" 	-289 	-429 	2 	0.994795937200619 	58.0666776107593 	NA
"114" 	-165 	-308 	2 	0.994767045566542 	58.412444077875 	NA
"115" 	45 	58 	6 	0.994645865696105 	57.7398082378545 	2.60000367684471
"116" 	-171 	-434 	2 	0.99458921689067 	57.7850167944342 	NA
"117" 	-116 	-300 	2 	0.994449621526623 	56.9637054035015 	NA
"118" 	-12 	-382 	2 	0.994309831339202 	56.1839847109377 	NA
"119" 	-217 	-459 	2 	0.994170111603274 	55.4455042469779 	NA
"120" 	-110 	-325 	2 	0.99405806428543 	55.0012026173012 	NA
"121" 	-176 	-399 	2 	0.99402910391396 	55.3405630937667 	NA
"122" 	38 	-295 	5 	0.993936290138072 	55.0900720550339 	6.57679632008256
"123" 	-133 	-327 	2 	0.993824161649178 	54.6776916961834 	NA
"124" 	-184 	-349 	2 	0.993739794782258 	54.5253666675269 	NA
"125" 	-193 	-443 	2 	0.993600141413522 	53.9074488037664 	NA
"126" 	-245 	-247 	2 	0.993488081717986 	53.5463430583308 	NA
"127" 	-127 	-380 	2 	0.993389841097735 	53.3124337741271 	NA
"128" 	-20 	-252 	2 	0.993333224257745 	53.4220892645503 	NA
"129" 	-37 	-230 	2 	0.993221103231925 	53.0916998574991 	NA
"130" 	17 	-267 	3 	0.993099750113691 	52.7039363819479 	4.34558052214955
"131" 	36 	-298 	3 	0.992904430584389 	51.7831218454965 	6.94330209918125
"132" 	79 	-227 	3 	0.992764622515461 	51.3079100016435 	1.667106221396
"133" 	-28 	-103 	2 	0.992680350362426 	51.2422403515378 	NA
"134" 	-5 	-149 	2 	0.99259632094019 	51.1826489153174 	NA
"135" 	-47 	-216 	2 	0.992456438529038 	50.7458748448345 	NA
"136" 	-42 	-53 	2 	0.992344105377876 	50.5102861220377 	NA
"137" 	-303 	-316 	2 	0.992148808903129 	49.7487978102049 	NA
"138" 	-223 	-408 	2 	0.99211949637703 	50.067928425853 	NA
"139" 	50 	-186 	3 	0.991952114846723 	49.5162376854291 	2.99616961522714
"140" 	-137 	-237 	2 	0.991867549019344 	49.4927024301847 	NA
"141" 	39 	29 	4 	0.991810737166496 	49.6414736800446 	1.01745533547363
"142" 	-23 	-329 	2 	0.991747144428825 	49.7497540663852 	NA
"143" 	-285 	-472 	2 	0.991635139458985 	49.5681984237158 	NA
"144" 	-362 	-391 	2 	0.991495294256025 	49.2310930727213 	NA
"145" 	-9 	-126 	2 	0.991320685964737 	48.7099688242115 	NA
"146" 	-34 	-124 	2 	0.991153092350719 	48.2505650994852 	NA
"147" 	-94 	-383 	2 	0.991068733102664 	48.2604471654256 	NA
"148" 	-314 	-458 	2 	0.990984316978181 	48.2725189714648 	NA
"149" 	4 	37 	4 	0.990968979028477 	48.6597865939887 	1.08910891089109
"150" 	-56 	-246 	2 	0.990939782698966 	48.972818815543 	NA
"151" 	67 	-341 	8 	0.990839466034096 	48.9004648683176 	6.26124119353502
"152" 	51 	59 	4 	0.99063023319842 	48.2594258192343 	2.99582621895101
"153" 	75 	89 	5 	0.990479507110339 	47.9445678625588 	3.21571783083773
"154" 	54 	-194 	3 	0.990274982340221 	47.3759722736293 	3.65990009124667
"155" 	47 	-279 	3 	0.990171903507342 	47.3215482676541 	1.23193235069549
"156" 	-4 	-395 	2 	0.990031807364347 	47.0935496003116 	NA
"157" 	93 	-134 	3 	0.989926499749856 	47.0379468835142 	3.01821731536581
"158" 	46 	-413 	6 	0.989764377621492 	46.7225888223108 	3.22474576271186
"159" 	-69 	-264 	2 	0.989707786885476 	46.9005289965046 	NA
"160" 	73 	-63 	3 	0.98954013857041 	46.5740607889242 	2.98187660327757
"161" 	-291 	-447 	2 	0.989414186058725 	46.4445481725811 	NA
"162" 	-235 	-411 	2 	0.989301923693743 	46.3805243829796 	NA
"163" 	139 	48 	5 	0.989233714835705 	46.5119731238754 	0.91362888400273
"164" 	100 	-446 	3 	0.989205191271504 	46.817719028797 	0.340353068965772
"165" 	-310 	85 	3 	0.989175614439554 	47.1198733034017 	0.35237940883916
"166" 	42 	82 	5 	0.989098140752911 	47.2124154294733 	2.25836913895884
"167" 	-112 	-302 	2 	0.988847101459072 	46.5619054512451 	NA
"168" 	-40 	-150 	2 	0.988651767202871 	46.1705587320315 	NA
"169" 	-226 	-266 	2 	0.988595199275711 	46.3586112940381 	NA
"170" 	77 	-435 	3 	0.988390352041329 	45.9460112215516 	3.65345151764173
"171" 	-8 	-172 	2 	0.988250593163475 	45.805497454247 	NA
"172" 	-336 	-393 	2 	0.988137930306604 	45.7763549848332 	NA
"173" 	44 	-151 	3 	0.988043660658822 	45.8215116663726 	1.68545058138877
"174" 	61 	-479 	3 	0.987818042432594 	45.3679056502907 	3.58935396492395
"175" 	-27 	-201 	2 	0.987650054675136 	45.1454942542286 	NA
"176" 	-43 	-78 	2 	0.987482226335401 	44.9320652765093 	NA
"177" 	-101 	-274 	2 	0.987231168789698 	44.4314270515289 	NA
"178" 	-144 	-330 	2 	0.987063181350437 	44.2383671994701 	NA
"179" 	20 	-486 	4 	0.98697782184716 	44.3358833543142 	704.146890256846
"180" 	-301 	-414 	2 	0.986920562627209 	44.5313437883691 	NA
"181" 	-59 	-284 	2 	0.986752800255042 	44.3495557662808 	NA
"182" 	156 	-323 	3 	0.986557362069759 	44.0825389551703 	1.39502902154044
"183" 	-48 	-482 	2 	0.986389247301429 	43.914741735974 	NA
"184" 	-136 	-379 	2 	0.986249127175375 	43.8437501083528 	NA
"185" 	101 	-388 	5 	0.985964636529859 	43.319970099353 	6.08032734279498
"186" 	-142 	91 	3 	0.985731810338945 	42.976560401808 	1.6690558001202
"187" 	-7 	115 	7 	0.985468747570778 	42.5564263523227 	4.27591133349136
"188" 	149 	-425 	5 	0.985175901181594 	42.0675169530754 	20.1944444444444
"189" 	-128 	-437 	2 	0.984980038745718 	41.8724825339279 	NA
"190" 	136 	-293 	3 	0.984756614362346 	41.6082121049889 	1.98894432375012
"191" 	-117 	92 	3 	0.984597517912736 	41.5292474228708 	1.14044964889779
"192" 	-95 	-296 	2 	0.984457166444575 	41.5049826723487 	NA
"193" 	-97 	-197 	2 	0.984205779904458 	41.1871918821494 	NA
"194" 	57 	-476 	3 	0.983973000081099 	40.9298061629387 	8.23163101929466
"195" 	-66 	80 	3 	0.983749398166834 	40.7053640890126 	273.970855669004
"196" 	125 	-261 	3 	0.98351649262317 	40.4659973561739 	1.66774024695786
"197" 	147 	186 	5 	0.983235590505436 	40.1183504986292 	1.84528369734181
"198" 	68 	-146 	3 	0.983178142266465 	40.3219524070339 	1.02315501442877
"199" 	16 	-51 	3 	0.983140803783772 	40.5756886369589 	238.028806584362
"200" 	90 	-108 	3 	0.982963160047095 	40.4886534540328 	2.1136732613814
"201" 	-228 	-406 	2 	0.982878913581093 	40.6299619793739 	NA
"202" 	-1 	-35 	2 	0.982683523817877 	40.5059748341651 	NA
"203" 	-324 	-359 	2 	0.982432127248434 	40.2559712006697 	NA
"204" 	-453 	-455 	2 	0.982361014936173 	40.4316415362326 	NA
"205" 	104 	-451 	3 	0.982183766886471 	40.3620015940145 	2.10775733320414
"206" 	55 	-188 	3 	0.982006585226364 	40.2961751969487 	2.11640577511156
"207" 	134 	-45 	3 	0.981939890321082 	40.4846201889926 	0.793708959399824
"208" 	-106 	140 	3 	0.981688573263933 	40.2564169952628 	2.97185121865136
"209" 	95 	-321 	3 	0.981418651367951 	39.9957900042784 	9.48187488518104
"210" 	-185 	-242 	2 	0.981277857386225 	40.0242360177292 	NA
"211" 	-104 	-481 	2 	0.981221713192288 	40.2386196844443 	NA
"212" 	-331 	-410 	2 	0.981193055997065 	40.5144034366273 	NA
"213" 	-132 	-138 	2 	0.980941581420615 	40.305747757697 	NA
"214" 	-79 	41 	3 	0.980773008222658 	40.2811301680268 	3.01284120636165
"215" 	-350 	-357 	2 	0.980493893606981 	40.0266275744197 	NA
"216" 	-229 	-419 	2 	0.980325966636942 	40.0109233496783 	NA
"217" 	120 	69 	4 	0.98019898319213 	40.0822133214269 	1.80689170861961
"218" 	-342 	-440 	2 	0.980094218647007 	40.2007198877521 	NA
"219" 	-273 	-312 	2 	0.979814921254332 	39.9646559998804 	NA
"220" 	-152 	124 	3 	0.979563527583757 	39.7927066197229 	2.97976776610826
"221" 	-248 	-461 	2 	0.979506467250861 	40.0109464377267 	NA
"222" 	-141 	103 	3 	0.979236646589536 	39.8095609467488 	1.93365245726154
"223" 	-120 	-444 	2 	0.979179018638253 	40.0280538516438 	NA
"224" 	-377 	-428 	2 	0.978927334601181 	39.8692893999246 	NA
"225" 	-85 	-183 	2 	0.978731168344163 	39.8225398267229 	NA
"226" 	170 	99 	5 	0.978494459007122 	39.7023920538144 	2.05886273246474
"227" 	151 	12 	10 	0.978264999793663 	39.6007141778284 	9.34019155728982
"228" 	-160 	-392 	2 	0.97793033220603 	39.3109776276647 	NA
"229" 	-131 	113 	3 	0.977676565354893 	39.1768674492166 	2.78815800462087
"230" 	-157 	-381 	2 	0.97736958820439 	38.9541758366152 	NA
"231" 	130 	116 	5 	0.97730474070936 	39.1627445520197 	0.944713186571193
"232" 	-177 	-396 	2 	0.97713697572688 	39.1912606939546 	NA
"233" 	-114 	-407 	2 	0.977024032642701 	39.3175838125503 	NA
"234" 	10 	-121 	3 	0.977022150257964 	39.6403208100864 	27
"235" 	-50 	-265 	2 	0.97677066870336 	39.5260809214066 	NA
"236" 	-358 	-457 	2 	0.976449633691308 	39.2974921670419 	NA
"237" 	-318 	-376 	2 	0.976384413773947 	39.5110683110198 	NA
"238" 	-70 	-424 	2 	0.976327035161558 	39.7395244864513 	NA
"239" 	97 	-225 	3 	0.976121218164805 	39.7149828533588 	3.67721503223334
"240" 	132 	-123 	4 	0.975855682284467 	39.5927634592886 	2.37434558941334
"241" 	-122 	-129 	2 	0.97554171903164 	39.3955468448577 	NA
"242" 	185 	-232 	6 	0.975488912705315 	39.6340865405235 	0.497168279174979
"243" 	202 	-352 	3 	0.975422936560181 	39.8523449414575 	0.337664287259785
"244" 	-218 	-305 	2 	0.97517117525482 	39.7646785806636 	NA
"245" 	155 	74 	5 	0.974810251849162 	39.5049125860184 	4.4576661436152
"246" 	72 	214 	5 	0.974486700872719 	39.3139337785685 	3.45901168642679
"247" 	181 	-332 	3 	0.974355183999918 	39.4309925287637 	0.783947384048804
"248" 	87 	63 	5 	0.97407909749995 	39.3230721709941 	5.56173359697741
"249" 	225 	-470 	3 	0.9739013238202 	39.3716686456345 	0.906239852110491
"250" 	81 	-416 	3 	0.973695362456516 	39.3788406534988 	3.66516287997314
"251" 	-286 	49 	3 	0.973591450429423 	39.5448621836433 	1.2417650235285
"252" 	-143 	-427 	2 	0.973284515776346 	39.4022827907835 	NA
"253" 	133 	96 	4 	0.973074488574777 	39.410746565916 	2.9953357383542
"254" 	-22 	-36 	2 	0.972794839769642 	39.3180261164467 	NA
"255" 	142 	76 	6 	0.972706488811795 	39.5125217693888 	2.37614720795557
"256" 	-87 	-153 	2 	0.972621013410339 	39.7128231849905 	NA
"257" 	-115 	-275 	2 	0.972285858990628 	39.5449311174738 	NA
"258" 	-75 	-140 	2 	0.972005777215648 	39.4633800977633 	NA
"259" 	217 	88 	6 	0.971629082923653 	39.2480836276439 	4.65604468615457
"260" 	-18 	35 	3 	0.971361221145546 	39.1937750296702 	12.6668148969853
"261" 	43 	180 	4 	0.971206343526116 	39.3013239196802 	3.62225717424293
"262" 	249 	-430 	4 	0.970991663654402 	39.3268450708438 	1.14820510250182
"263" 	-24 	-203 	2 	0.970851400032939 	39.4582513747977 	NA
"264" 	-49 	-320 	2 	0.970730667722377 	39.6184598444372 	NA
"265" 	126 	-485 	3 	0.970579868427879 	39.7383528323849 	1.34570501709576
"266" 	128 	-276 	3 	0.970374269139644 	39.783933543368 	3.63141581673245
"267" 	66 	-373 	3 	0.970020963429805 	39.6294655949795 	6.30221670436798
"268" 	111 	-372 	3 	0.969787279593404 	39.6425617921321 	1.67500038787391
"269" 	-109 	-294 	2 	0.969590341155317 	39.7077483979486 	NA
"270" 	98 	141 	6 	0.969421172983264 	39.812273870844 	3.01160861234149
"271" 	159 	222 	5 	0.969216358492718 	39.8709203146145 	1.31868751816831
"272" 	102 	-61 	3 	0.968945082159741 	39.8435548032909 	9.47029415647846
"273" 	220 	114 	5 	0.968726134536639 	39.8883653452541 	1.80128604877628
"274" 	-164 	-338 	2 	0.968363415029476 	39.7481466690724 	NA
"275" 	64 	-39 	4 	0.967926283462931 	39.5190408505878 	23.2222222222222
"276" 	187 	34 	10 	0.967748778576779 	39.6259110990729 	2.33502779994136
"277" 	-173 	172 	3 	0.967413832748663 	39.5362473197272 	2.97299249652873
"278" 	269 	212 	4 	0.967106076328519 	39.4850672565167 	2.72838986842945
"279" 	201 	-353 	3 	0.967001335315179 	39.6887746307319 	1.24326892639403
"280" 	211 	-162 	3 	0.966647325742719 	39.5859947000226 	6.30536387891016
"281" 	219 	108 	4 	0.966297759846344 	39.4937485040355 	2.27037101875757
"282" 	205 	18 	5 	0.966138140113025 	39.635239707323 	1.65537303729943
"283" 	65 	231 	7 	0.965712130103024 	39.4586521948812 	6.51598418144923
"284" 	-189 	-263 	2 	0.965682431045415 	39.7594252611602 	NA
"285" 	200 	78 	5 	0.9656130821711 	40.0151781250185 	0.716858314609965
"286" 	164 	-374 	4 	0.965235519512266 	39.9034557104689 	6.72242084064834
"287" 	-44 	53 	3 	0.964964701721821 	39.9229214628334 	9.58091809876905
"288" 	60 	-394 	3 	0.964877629162571 	40.1619392489487 	3.07029044887553
"289" 	106 	228 	4 	0.96459735448807 	40.1746518034425 	1.25547993157826
"290" 	-322 	-471 	2 	0.964566625060731 	40.4839703038982 	NA
"291" 	176 	-375 	3 	0.964397603983496 	40.6319958158057 	1.0071068897059
"292" 	-161 	-417 	2 	0.964228584709797 	40.7820846003313 	NA
"293" 	112 	148 	4 	0.963851615205194 	40.6899985611091 	2.99451128754397
"294" 	160 	-76 	4 	0.963805831068378 	40.9887716475042 	0.409022975302688
"295" 	-224 	144 	3 	0.963497974538507 	40.9828595155206 	2.20140929652483
"296" 	188 	150 	7 	0.963459418297121 	41.2940877820038 	0.527377748446218
"297" 	230 	71 	4 	0.963372876901735 	41.5518349194153 	0.51676774130255
"298" 	-278 	-337 	2 	0.963036575538427 	41.5188427306893 	NA
"299" 	-26 	105 	3 	0.962562019874608 	41.3308708720122 	5.66087286658749
"300" 	138 	251 	5 	0.962127747260573 	41.1965765135378 	6.00638556224852
"301" 	247 	110 	5 	0.962011210231162 	41.4260330426751 	0.982559960276634
"302" 	-19 	-55 	2 	0.961703694622665 	41.4419574176199 	NA
"303" 	229 	-158 	4 	0.961407470521646 	41.4739584653914 	1.71832295317209
"304" 	184 	-386 	3 	0.96128310162719 	41.7009316882293 	0.887587657520017
"305" 	194 	84 	5 	0.960856285831574 	41.5933344605841 	4.42011541062065
"306" 	-57 	-249 	2 	0.960672758939757 	41.7590289501459 	NA
"307" 	182 	121 	5 	0.960520969869801 	41.9622482695433 	1.24931092326823
"308" 	131 	-328 	4 	0.960212476913568 	41.9950295670542 	2.76117899293575
"309" 	117 	-207 	3 	0.959756600237782 	41.8708961686541 	3.26570068353937
"310" 	127 	31 	4 	0.959233336916222 	41.6814429031923 	8.28242622543123
"311" 	227 	52 	12 	0.958648528200232 	41.4361673895737 	12.874729800596
"312" 	243 	109 	5 	0.958116397225091 	41.2555832728584 	5.02185803975961
"313" 	189 	203 	4 	0.957696526287713 	41.1972068670813 	1.87752927223672
"314" 	232 	-348 	3 	0.957157131496459 	41.0240219869442 	3.21518104243052
"315" 	-88 	-175 	2 	0.956543473181265 	40.7860203815837 	NA
"316" 	238 	143 	4 	0.955957618611449 	40.5852497941761 	6.91748942969833
"317" 	161 	224 	4 	0.955406152977671 	40.426214376705 	2.92061579099818
"318" 	-241 	215 	3 	0.954940227177716 	40.3550453367044 	1.66929918314924
"319" 	245 	123 	7 	0.954506204984423 	40.318947307172 	3.0310819313381
"320" 	168 	-317 	3 	0.954179651058175 	40.3866464374754 	1.67176988101889
"321" 	178 	-271 	3 	0.953934851947614 	40.5328768353527 	1.45724651580218
"322" 	145 	240 	6 	0.953367394077983 	40.386747256466 	3.419373770872
"323" 	-222 	281 	5 	0.953060392810076 	40.482607557559 	1.40075955256367
"324" 	13 	119 	4 	0.952875618844249 	40.6920611977888 	2.6425198134885
"325" 	255 	198 	9 	0.952260845967628 	40.5176816091068 	12.2717171379849
"326" 	190 	268 	6 	0.951803830408399 	40.490710740173 	2.57853406419324
"327" 	248 	197 	10 	0.951300661312364 	40.4282926330738 	3.46239828250511
"328" 	-355 	-450 	2 	0.951269936001744 	40.7831701302834 	NA
"329" 	146 	-460 	3 	0.950877374320192 	40.823876436118 	2.34234271903063
"330" 	241 	-209 	3 	0.950381160092172 	40.7787072622347 	1.58048505216276
"331" 	195 	310 	7 	0.950007565810102 	40.8441679536101 	2.13717788087884
"332" 	258 	-220 	3 	0.949578297849012 	40.8657929916982 	1.53265224458476
"333" 	173 	152 	7 	0.948959987770327 	40.7321914971265 	6.1940419688745
"334" 	295 	221 	5 	0.948789275582133 	40.9806051558849 	1.01460985156166
"335" 	-58 	137 	3 	0.948471100515001 	41.1080412284014 	1.62919001761141
"336" 	-159 	210 	3 	0.947792143469048 	40.9383420551098 	4.8223442339569
"337" 	199 	-219 	4 	0.947395250122446 	41.008551410798 	21.1702713452298
"338" 	270 	206 	9 	0.947335875037647 	41.3607568334267 	0.634779217386989
"339" 	-135 	218 	3 	0.94679766944255 	41.321241878402 	5.13728756675153
"340" 	329 	162 	5 	0.946393323192143 	41.3965069981304 	1.80399597212339
"341" 	135 	332 	5 	0.945987596005632 	41.4747542516595 	1.43327306145474
"342" 	-46 	-170 	2 	0.94567035952213 	41.6287158839137 	NA
"343" 	233 	-420 	3 	0.945619697809473 	42.0030347158136 	0.448559670781893
"344" 	158 	179 	10 	0.945554444603648 	42.3704852608015 	1.16310266096485
"345" 	207 	183 	5 	0.94495506340229 	42.3043318298794 	5.63965845938021
"346" 	261 	298 	6 	0.944455680745072 	42.3256107126796 	3.46376532597422
"347" 	129 	327 	12 	0.944226754360245 	42.5697178706703 	1.28763612858141
"348" 	175 	246 	7 	0.943768576861966 	42.6329235128757 	2.96687740064021
"349" 	299 	208 	6 	0.943642448865133 	42.9676769157522 	0.564161090893066
"350" 	-68 	297 	5 	0.943346601437831 	43.1697563289395 	2.10580142368941
"351" 	167 	-483 	3 	0.943075298713333 	43.395822846038 	1.08071816308138
"352" 	266 	191 	6 	0.942599152235644 	43.461004590278 	3.3960986213551
"353" 	253 	320 	7 	0.941794823766285 	43.2708538246613 	4.61117375943767
"354" 	83 	275 	6 	0.941614558960782 	43.5813386543391 	1.43259202257279
"355" 	285 	153 	10 	0.940888449853445 	43.4661114803414 	8.9242335758196
"356" 	-156 	-335 	2 	0.940302242174002 	43.4680081181117 	NA
"357" 	213 	-190 	3 	0.939955229157821 	43.6606526189189 	1.37991291637157
"358" 	294 	328 	6 	0.939741784403415 	43.9614062574803 	2.84232805922678
"359" 	166 	163 	10 	0.938954515015266 	43.8242921072128 	13.3274767586439
"360" 	157 	107 	5 	0.938626954220784 	44.0461377439302 	4.38169693036456
"361" 	23 	-356 	3 	0.938170229527705 	44.1742851266301 	16.3188375890188
"362" 	239 	274 	5 	0.937386328980404 	44.0608536851898 	3.7656906326012
"363" 	122 	86 	7 	0.936622738707901 	43.9721826506501 	23.305655480331
"364" 	223 	313 	6 	0.935849959325684 	43.8859296980733 	3.34262356556812
"365" 	308 	165 	7 	0.934945479397679 	43.7139874908732 	7.00653430437162
"366" 	193 	-215 	3 	0.93441226691964 	43.8177461104044 	2.12108602867854
"367" 	177 	357 	5 	0.93356091883038 	43.7021800589613 	3.0063667632644
"368" 	289 	216 	6 	0.933388486788675 	44.0732520279893 	0.770918384272482
"369" 	337 	-181 	5 	0.933259283761578 	44.481541858119 	0.892309321182653
"370" 	287 	264 	5 	0.932480019209344 	44.4335598166729 	5.56860868905166
"371" 	362 	282 	10 	0.931841744452189 	44.4931090194543 	2.74925363220203
"372" 	252 	292 	4 	0.930934764635358 	44.3735575856961 	3.81120846286424
"373" 	336 	-257 	4 	0.930480032587898 	44.5746875059036 	1.1094394080802
"374" 	280 	257 	5 	0.929482653234356 	44.4113473465767 	4.01463195547262
"375" 	171 	302 	4 	0.928394867947189 	44.2004981155699 	4.86406142251632
"376" 	154 	-371 	4 	0.927551519092785 	44.1641731952902 	6.47715017462422
"377" 	354 	-3 	7 	0.926634971375544 	44.0897046865937 	6.70393163781413
"378" 	364 	-251 	7 	0.926315447072677 	44.4109921650797 	0.941140755338201
"379" 	319 	242 	13 	0.925703006778733 	44.5485713229137 	4.13903076394726
"380" 	192 	303 	6 	0.924609235006283 	44.3848109351035 	5.59933476467797
"381" 	352 	235 	8 	0.924239895869522 	44.6926169082117 	1.71993120019596
"382" 	271 	355 	15 	0.923613951539782 	44.8438177247769 	3.97369781738044
"383" 	267 	273 	8 	0.922531233304173 	44.7149797855913 	6.54232781666093
"384" 	325 	284 	11 	0.922379395310706 	45.1796041794621 	1.37320330809715
"385" 	363 	300 	12 	0.92208158776399 	45.5606577574833 	1.88654245380727
"386" 	347 	237 	14 	0.921200886399159 	45.5811339351481 	5.10051976966141
"387" 	260 	283 	10 	0.920231089674342 	45.5562671981091 	7.44626609474772
"388" 	278 	196 	7 	0.919744172720724 	45.8406176299287 	2.68744375535032
"389" 	307 	174 	8 	0.919131791559813 	46.0551641436577 	4.56569504715436
"390" 	209 	277 	6 	0.917857335953938 	45.871971030574 	6.83356296426374
"391" 	254 	256 	4 	0.916448571106714 	45.62502554633 	7.71663352795334
"392" 	348 	333 	14 	0.915941384945393 	45.9291671555293 	2.59235912795707
"393" 	169 	317 	6 	0.914836030049652 	45.8872557229674 	4.48569915986817
"394" 	315 	351 	5 	0.914273737154488 	46.1760928513619 	1.48492798435111
"395" 	359 	259 	16 	0.914048325781076 	46.673396154101 	1.60995777655249
"396" 	279 	-400 	4 	0.913585987783984 	47.040338607613 	4.89278970968859
"397" 	118 	323 	7 	0.912735917277509 	47.1864654774799 	3.84892994284836
"398" 	358 	272 	9 	0.911784267171905 	47.2835273438856 	8.1862752631051
"399" 	316 	226 	9 	0.911278993780723 	47.6539983101448 	2.64568698318207
"400" 	312 	338 	14 	0.909923160305426 	47.5370956300514 	10.4018094244006
"401" 	387 	265 	13 	0.909548215640326 	48.0035851688905 	1.81326168828029
"402" 	339 	346 	9 	0.908390825628633 	48.0265876994492 	4.71292165285816
"403" 	263 	306 	4 	0.907278877604916 	48.0898379673617 	6.86831749609008
"404" 	309 	244 	5 	0.90626692743742 	48.2235995580281 	3.58325191012988
"405" 	304 	293 	7 	0.90495245151581 	48.2003150934591 	7.35797462188025
"406" 	262 	318 	7 	0.903459915352339 	48.0950250848566 	5.59563874097988
"407" 	345 	356 	7 	0.903152382114532 	48.6599765410851 	1.02209358833029
"408" 	276 	234 	13 	0.903088956581058 	49.3772273856619 	0.885827498430316
"409" 	360 	290 	7 	0.901364419170349 	49.1786406214977 	14.8013705527735
"410" 	335 	250 	6 	0.900789046357328 	49.6347759256097 	2.96726462609667
"411" 	375 	291 	7 	0.900452758299694 	50.2390945976678 	0.898248855615216
"412" 	379 	371 	23 	0.899862596915726 	50.7170789130565 	2.61703727439104
"413" 	368 	236 	8 	0.898819909232963 	50.9559818453805 	4.50680573542108
"414" 	314 	286 	7 	0.897794208498389 	51.2204377839268 	4.28427880002988
"415" 	350 	-288 	6 	0.896652215308478 	51.4366778243985 	6.36809015611857
"416" 	340 	331 	12 	0.895288278266885 	51.5480021256455 	5.8679236508418
"417" 	-25 	321 	4 	0.894633749777047 	52.0679999061586 	3.17126849273978
"418" 	349 	330 	9 	0.893993840855332 	52.61443444992 	2.44697038218881
"419" 	361 	344 	13 	0.893360033666212 	53.1834623823854 	6.98034542642004
"420" 	397 	288 	10 	0.892405972469021 	53.593267644479 	3.68755399466069
"421" 	377 	311 	19 	0.892146525209381 	54.4131876375431 	1.67120471507799
"422" 	370 	-96 	6 	0.890194331953206 	54.3040183924685 	6.51229805447896
"423" 	404 	393 	11 	0.888920653112305 	54.5982040130269 	2.90189986566859
"424" 	403 	343 	7 	0.888558607908233 	55.4211548847506 	1.13185579485392
"425" 	353 	305 	12 	0.886750260102851 	55.4628000155488 	7.5568793697729
"426" 	366 	70 	5 	0.885121365796206 	55.6315484292074 	6.01022573017739
"427" 	391 	396 	8 	0.883130567723557 	55.6318963692591 	4.92525023535336
"428" 	389 	406 	15 	0.882236527311762 	56.252696362665 	2.73900586242788
"429" 	411 	342 	9 	0.88061776486583 	56.5089193042803 	4.4868875312906
"430" 	376 	415 	10 	0.878715272057598 	56.6432054547046 	5.13654212137269
"431" 	322 	383 	14 	0.878284915842721 	57.5936404250845 	1.56163941368151
"432" 	326 	409 	13 	0.877224069851225 	58.2378299272534 	3.3599425544554
"433" 	301 	399 	14 	0.876806647231285 	59.2653851911713 	2.16422515939877
"434" 	388 	373 	11 	0.87590585229165 	60.0655808062321 	3.03944852065961
"435" 	410 	390 	12 	0.873022503837033 	59.816077753133 	8.55224181476261
"436" 	417 	414 	11 	0.870514973565508 	59.8200959358122 	6.85936440415096
"437" 	386 	422 	20 	0.868064307379578 	59.9004103802684 	7.22673162125866
"438" 	369 	405 	12 	0.866806254185457 	60.6477168440449 	4.53957810665625
"439" 	384 	334 	16 	0.864158831591514 	60.7112050040115 	20.3372860417066
"440" 	416 	374 	17 	0.861302274080375 	60.7192524579161 	7.88956192961673
"441" 	413 	380 	14 	0.859633000457654 	61.381002274855 	4.6519807966534
"442" 	430 	367 	15 	0.856259932274662 	61.2324435503573 	6.67786016629052
"443" 	401 	425 	25 	0.853504678252862 	61.4520797948125 	9.2500767138747
"444" 	423 	372 	15 	0.85231257700228 	62.4963275696683 	2.34565398651181
"445" 	400 	407 	21 	0.848732839584089 	62.4203747489653 	14.3735820100203
"446" 	439 	418 	25 	0.845786597134253 	62.7204159803439 	9.76368685013137
"447" 	381 	382 	23 	0.841891969479265 	62.6363388037828 	18.8819022491897
"448" 	428 	440 	32 	0.841049280836832 	64.0671251456572 	1.88310951829546
"449" 	408 	324 	17 	0.840954403147867 	65.9469385032255 	1.21053505729816
"450" 	412 	395 	39 	0.836701806318257 	65.8769972289411 	20.9476948281963
"451" 	432 	394 	18 	0.832416705591302 	65.8882068775745 	11.0011781110816
"452" 	419 	385 	25 	0.832073908957751 	67.8684952760916 	2.24689164047594
"453" 	341 	296 	12 	0.831034137987024 	69.6254667997688 	6.26722078400269
"454" 	436 	365 	18 	0.827539389224238 	70.2737151096027 	7.61017134577409
"455" 	441 	434 	25 	0.823412670128149 	70.7209600258773 	9.94562255799878
"456" 	392 	402 	23 	0.820106908458015 	71.6840987958588 	12.1124373005383
"457" 	431 	378 	21 	0.816200599956978 	72.4787991094463 	12.8979885087282
"458" 	445 	433 	35 	0.814286760951811 	74.3765831561016 	5.71885318094465
"459" 	429 	427 	17 	0.810292693068009 	75.4044890223259 	6.9987800290352
"460" 	449 	204 	19 	0.810076403449865 	78.4810634077417 	2.74061892210181
"461" 	457 	447 	44 	0.806885971746576 	80.2579431824573 	7.49144401785653
"462" 	456 	426 	28 	0.800093926072574 	80.3950154719256 	15.3838897576609
"463" 	438 	453 	24 	0.799422362866129 	83.878777518403 	2.19589499268779
"464" 	461 	443 	69 	0.792188001617316 	84.2279687801892 	15.7969109324686
"465" 	451 	435 	30 	0.783834996243262 	84.3067256305951 	13.9448266357441
"466" 	452 	94 	30 	0.783703875538584 	88.865987704382 	0.915857310007079
"467" 	420 	398 	19 	0.780779111788924 	92.4039695965748 	10.3817784956311
"468" 	462 	450 	67 	0.771533188219376 	92.9669156893662 	20.0094097322838
"469" 	448 	455 	57 	0.767726772362334 	96.8858582788368 	7.49355870984793
"470" 	465 	444 	45 	0.760168258402744 	99.3138158916042 	9.87169660459356
"471" 	458 	446 	60 	0.75999926940718 	106.535287564272 	0.429055492117339
"472" 	421 	463 	43 	0.759479047506236 	114.646692045303 	2.07111341138462
"473" 	459 	442 	32 	0.744612409771664 	114.923904977497 	19.8276450098281
"474" 	468 	437 	87 	0.739897700470882 	122.578172531666 	8.37763803743343
"475" 	464 	454 	87 	0.730369715156757 	128.667154322503 	16.6094917746797
"476" 	473 	467 	51 	0.712815894901239 	131.274816378506 	19.0825849564734
"477" 	466 	424 	37 	0.712028013135031 	147.426389439342 	4.5197512367702
"478" 	469 	470 	102 	0.709469628872308 	166.752412780532 	3.54215973961816
"479" 	472 	477 	80 	0.708124250675117 	193.684879529469 	5.92621838705667
"480" 	471 	460 	79 	0.70512783309517 	229.564806633595 	9.39011532935542
"481" 	476 	475 	138 	0.646634189562652 	220.048909651647 	65.7904527360997
"482" 	478 	481 	240 	0.610620311547306 	251.955438264177 	33.7194049808166
"483" 	480 	479 	159 	0.609086517158626 	376.283756765424 	5.16524097661762
"484" 	482 	474 	327 	0.407286880560692 	332.583915769997 	191.343862871651
"485" 	483 	484 	486 	0 	NA 	332.583915769997
