"jefe"	 "desemp"	 "size"	 "tparcial"	 "multiemp"	 "privado"	 "publico"	 "cpsl"	 "cpcl"	 "profytec"	 "oficina"	 "manual"	 "indust"	 "comercio"	 "sfinan"	 "sperson"	 "subemp"	 "precario"	 "ingreso"	 "Comp.1"	 "Comp.2"	 "norma"	 "Cos 1"	 "Cos 2"
78,63	 4,74	 38,52	 4,71	 7,33	 47,29	 22,76	 12,43	 13,47	 0,52	 1,77	 51,28	 15,7	 14,45	 0,98	 5,43	 4,12	 17,72	 2,12	 35,1418898799992	 -42,770515794016	 3471,30113945679	 0,355760671496003	 0,882743767400047
13,16	 9,33	 37,24	 26,87	 11,88	 47,05	 23,37	 3,43	 18,66	 11,24	 24,64	 12,68	 14,43	 24,24	 4,63	 17,54	 6,54	 18,02	 2,05	 -13,0725261780379	 20,5421250806418	 1496,59012612346	 0,114186868998085	 0,396147103442345
2,54	 21,1	 32,21	 22,69	 5,32	 73,39	 10,08	 3,64	 9,8	 7,56	 20,87	 12,04	 15,27	 32,35	 6,16	 24,65	 10,92	 38,94	 1,24	 -45,3664968411018	 12,3683411912283	 3298,73988223457	 0,623910677746293	 0,670284708219714
33,2	 4,23	 52,76	 38,81	 7,32	 47,65	 6,22	 5,66	 32,18	 1,66	 3,45	 21,27	 21,55	 23,76	 0,55	 38,54	 3,45	 24,59	 1,3	 -16,4025883725703	 -10,8250004532373	 2120,5818055679	 0,126873155571533	 0,182131874902667
92,68	 3,5	 50,1	 12,83	 4,54	 35,26	 21,52	 14,45	 22,23	 0,78	 5,96	 41,09	 14,97	 14,84	 1,62	 10,3	 3,31	 10,43	 2,1	 46,3782336794824	 -43,6311985984686	 4318,04037945679	 0,498128866386206	 0,93899586248838
79,61	 2,91	 36,64	 4,56	 12,87	 38,95	 28,97	 8,37	 15,58	 4,1	 13,79	 40,68	 19,56	 16,45	 5,14	 6,98	 3,23	 8,08	 2,89	 45,815636216237	 -29,0890786809704	 3317,62358667901	 0,632703640740561	 0,887758042302348
16,81	 7,56	 37,27	 21,82	 18,18	 42,73	 27,27	 4,55	 19,09	 34,55	 24,55	 7,27	 12,73	 14,55	 14,55	 0	 7,27	 2,73	 3,19	 10,0435666033949	 40,4395861138494	 2522,24595501235	 0,0399934153591832	 0,688367980817228
16,19	 13,46	 29,2	 25,35	 9,09	 71,85	 5,59	 4,02	 13,99	 1,75	 4,37	 17,83	 20,8	 17,48	 1,22	 43,36	 12,41	 33,22	 1,92	 -35,9935706637512	 -1,02509951052141	 3018,0872505679	 0,42925767930754	 0,429605856453934
6,92	 19,62	 33,01	 27,27	 3,35	 80,38	 0,96	 4,78	 11,96	 1,44	 3,83	 11,96	 11,48	 20,1	 0,96	 55,98	 10,53	 69,38	 0,99	 -66,9653380554285	 -4,53799914914657	 6936,63865612345	 0,646473994564956	 0,649442786410481
92,13	 3,69	 38,19	 10,47	 11,11	 36,65	 22,09	 8,05	 17,24	 4,98	 17,24	 23,24	 20,05	 21,33	 14,05	 6,77	 2,3	 3,07	 4,48	 52,7542000214864	 -25,4867678021359	 4044,44186890123	 0,688106223334855	 0,848715611244408
95,96	 0	 34,34	 14,14	 39,39	 20,2	 34,34	 0	 20,2	 53,54	 5,05	 5,05	 7,07	 9,09	 17,17	 3,03	 2,02	 1,01	 5,55	 81,0518876625474	 19,4938061419905	 8042,35686890123	 0,81685115454964	 0,864102039345731
0,93	 12,15	 25,53	 46,81	 19,15	 42,55	 41,49	 1,6	 13,83	 61,17	 21,81	 1,6	 3,72	 11,17	 11,7	 4,79	 9,04	 10,11	 2,63	 -0,447359359494664	 75,4888379798741	 6037,91494167901	 3,31456137525223e-05	 0,943829922248542
84,62	 1,96	 26,77	 6,15	 39,38	 44,31	 23,69	 2,92	 16,92	 46	 12,46	 5,54	 14,15	 13,38	 19,23	 2,77	 4,62	 2,15	 7,17	 63,4624881271409	 15,8165924015098	 5479,62934945679	 0,73499266874442	 0,78064623018837
37,14	 2,86	 18,63	 48,04	 18,63	 14,71	 60,78	 3,92	 10,78	 68,63	 11,76	 2,94	 2,94	 9,8	 1,96	 0,98	 1,96	 1,96	 3,95	 44,0337531816927	 69,7955143079751	 8307,78179167901	 0,233392193955827	 0,819759763502961
18,04	 11,61	 28,66	 20,49	 10,17	 55,53	 20,12	 4,16	 13,88	 11,14	 28,88	 16,7	 21,53	 18,41	 5,86	 17,52	 8,76	 13,96	 2,61	 -9,35288903452927	 16,6540868051518	 1555,61435167901	 0,056232788800002	 0,23452801152932
22,72	 11,02	 26,57	 7,31	 7,14	 74,38	 10,06	 4,56	 7,39	 3,53	 19	 41,79	 25,02	 27,43	 6,88	 7,82	 5,85	 14,96	 2,42	 -11,7068429597471	 -9,86406175971363	 2831,92284001235	 0,0483947408975247	 0,0827529207973064
4,09	 24,56	 26,36	 22,48	 3,88	 80,62	 3,1	 4,65	 8,53	 0,78	 6,2	 19,38	 20,93	 19,38	 1,55	 47,29	 6,98	 57,36	 1,4	 -60,0197505798834	 -3,42091731347279	 5805,70938223457	 0,620487561898059	 0,622503280304741
79,13	 3,61	 32,48	 4,42	 14,97	 53,51	 17,18	 6,12	 15,42	 4,82	 15,82	 36,34	 22,17	 19,73	 7,6	 9,58	 5,44	 6,69	 3,72	 38,7945134040603	 -28,7916710688886	 2968,9755555679	 0,506913661661974	 0,786121188778347
30,52	 3,9	 48,31	 28,04	 7,77	 31,08	 22,97	 5,74	 28,38	 14,19	 14,19	 18,24	 19,59	 23,31	 2,7	 16,55	 4,39	 7,43	 1,97	 8,30412333679572	 9,25654178711376	 1486,33507167901	 0,0463949655139454	 0,104042509119165
80,47	 5,11	 36,73	 6,55	 9,24	 57,19	 12,63	 15,67	 9,47	 0,47	 4,8	 56,02	 23,74	 17,66	 2,92	 7,95	 6,55	 12,63	 2,66	 32,290984956039	 -47,6172111271268	 3977,47212890123	 0,262153366670902	 0,832213626565602
30	 17	 31,33	 3,61	 4,02	 77,51	 6,83	 8,43	 5,62	 0	 2,41	 62,25	 26,91	 21,29	 3,21	 9,24	 8,43	 42,17	 1,8	 -22,2466400118045	 -36,3382421680654	 4361,32367501235	 0,113477702801643	 0,416245381208641
94,77	 1,23	 31,78	 16,2	 31,78	 25,55	 30,53	 4,98	 20,56	 45,79	 8,72	 1,56	 12,46	 11,53	 25,86	 1,25	 2,49	 1,25	 8,82	 74,8788058746334	 15,9832727895617	 6892,50039723457	 0,81346902373203	 0,850533223128818
36,98	 7	 38,42	 25,1	 8,11	 43,63	 19,88	 6,76	 19,88	 9,27	 27,61	 16,02	 20,27	 23,17	 6,76	 15,64	 5,02	 5,02	 2,63	 8,57193724790361	 7,52194134109333	 1147,2033105679	 0,0640497699972844	 0,113369364020109
91,42	 5,23	 40,48	 12,17	 6,76	 44,85	 18,21	 11,45	 15,92	 1,46	 7,91	 39,33	 22,27	 22,27	 3,12	 11,24	 3,23	 6,14	 2,88	 44,1017493769511	 -40,6131357515705	 3901,13411723457	 0,498563812383397	 0,921370807992341
39,51	 7,71	 39,74	 31,82	 11,14	 56,89	 8,94	 5,72	 20,97	 2,2	 6,16	 17,6	 18,48	 20,23	 2,79	 41,64	 4,11	 15,54	 1,99	 -8,40397176356631	 -6,56311801963862	 1649,13635834568	 0,0428265019113814	 0,0689459418968749
19,04	 3,68	 23,8	 27,84	 36,56	 36,98	 40,06	 2,44	 14,77	 64,61	 20,83	 2,13	 7,23	 7,12	 13,92	 2,13	 8,71	 1,91	 5	 26,9518352296721	 69,5451931981253	 5985,08188445679	 0,121368669012508	 0,929466868892616
4,84	 16,85	 18,81	 14,93	 6,31	 80,95	 8,98	 1,94	 5,95	 8,13	 34,22	 16,26	 20,51	 28,52	 10,68	 16,5	 9,95	 20,02	 2,01	 -31,4168330807761	 17,0367047177787	 4177,66611501235	 0,236260479811568	 0,305736905081117
7,95	 15,26	 21,26	 33,72	 14,18	 58,24	 25,67	 2,11	 7,85	 37,74	 38,89	 2,68	 8,62	 15,71	 21,65	 3,45	 9,39	 6,51	 2,89	 -5,9118133827449	 55,1745690694648	 4164,7000005679	 0,00839184994540687	 0,739352800694807
32,57	 10,1	 34,32	 5,08	 4,03	 73,52	 9,11	 10,59	 5,72	 0	 1,06	 58,9	 19,7	 12,29	 0,64	 6,57	 6,14	 44,49	 1,5	 -18,4763154233026	 -35,3503780001212	 3716,14200834568	 0,0918625366992741	 0,428138497613847
92,48	 2,75	 43,58	 12,08	 12,45	 24,15	 30,57	 8,49	 19,43	 5,09	 15,85	 31,89	 21,32	 18,87	 7,92	 6,04	 1,32	 2,83	 3,36	 58,7796087980594	 -27,8738130512406	 4765,26695223457	 0,725046979547019	 0,888091245860615
29,13	 13,59	 19,38	 23,6	 19,1	 61,8	 21,35	 5,34	 8,15	 36,24	 33,15	 7,02	 12,92	 17,42	 23,31	 2,25	 10,96	 4,21	 3,34	 9,97367981086912	 39,0785302430058	 2895,62536279012	 0,0343533007577639	 0,561745948155364
24,45	 10,42	 34,3	 3,76	 6,39	 65,62	 15,05	 6,74	 9,19	 3,15	 10,59	 49,52	 23,8	 21,52	 2,8	 5,86	 6,65	 24,23	 1,81	 -10,101401020946	 -18,3061663353681	 2469,54997445679	 0,0413185817826641	 0,17701768865005
41,95	 4,49	 28,63	 32,55	 22,75	 26,27	 42,75	 2,75	 19,22	 62,35	 14,51	 1,96	 7,45	 6,27	 8,24	 3,14	 3,92	 0,78	 5,4	 41,728312253583	 55,5168397377376	 5081,1777105679	 0,342686704287284	 0,949262516043564
16,6	 10,72	 39,49	 28,75	 10,39	 60,51	 7,04	 4,73	 22,29	 1,73	 3,46	 17,21	 17,55	 21,94	 0,69	 43,65	 9,01	 38,34	 1,23	 -35,1066606660651	 -2,63579805959571	 2608,00439501235	 0,472574979351755	 0,475238867274741
84,39	 2,11	 34,91	 9,05	 43,1	 31,47	 31,03	 5,17	 18,1	 49,57	 13,36	 6,03	 10,34	 10,34	 12,5	 3,02	 3,45	 1,72	 4,86	 68,6141161911854	 19,7127319121951	 5970,83461167901	 0,788482221813479	 0,853563877011562
10,73	 0,98	 19,7	 39,41	 27,34	 17,98	 63,05	 1,72	 11,82	 75,12	 11,82	 1,48	 1,97	 8,13	 6,9	 0,74	 6,65	 1,23	 4,29	 32,5123242840147	 87,007608271508	 10034,2556539012	 0,105344259385893	 0,859792238213791
32,5	 13,57	 43,8	 9,09	 7,44	 59,09	 9,09	 19,83	 9,92	 0,83	 4,96	 60,33	 22,31	 26,03	 1,24	 7,44	 9,5	 28,93	 2,15	 -9,98696100054756	 -33,4458926180869	 2837,06302667901	 0,0351558598059099	 0,429446618418359
22,33	 3,59	 21,2	 31,85	 34,44	 37,33	 41,78	 2,17	 13,34	 65,56	 19,23	 1,65	 4,86	 8,89	 14,37	 1,96	 11,17	 1,34	 5,26	 28,4547809080411	 70,3097542798582	 6049,13666001235	 0,133849605659755	 0,951067305430476
77,73	 4,94	 33,35	 8,54	 14,31	 51,41	 16,85	 8,37	 13,73	 4,56	 15,75	 34,39	 21,29	 21,64	 7,91	 7,39	 6,64	 7,5	 3,98	 36,5382552019904	 -27,0593834091202	 2573,21127167901	 0,518824127618044	 0,803375279146307
17	 20	 36,25	 25	 18,75	 41,25	 28,75	 5	 18,75	 43,75	 13,75	 7,5	 7,5	 20	 15	 2,5	 8,75	 10	 3,18	 6,40799140080116	 43,8222589956691	 2523,17751223457	 0,0162740645846895	 0,777374056230848
92,55	 6,63	 46,45	 20,87	 6,01	 45,36	 14,21	 14,97	 17,38	 1,09	 7,21	 38,47	 17,27	 22,73	 4,26	 10,49	 5,79	 8,31	 3,26	 39,290533690791	 -41,9289920817059	 3670,31171834568	 0,420603522581182	 0,899592914190721
13,68	 8,63	 50,68	 30,02	 7,29	 47,64	 22,18	 3,52	 19,38	 10,25	 25,54	 12,73	 15,53	 25,3	 4,48	 19,38	 6,73	 20,02	 2,02	 -18,2020914259255	 15,6771277346159	 1529,04484334568	 0,21668176294477	 0,377417620416218
16,72	 13,51	 72,34	 36,24	 7,94	 64,4	 7,43	 4,23	 18,31	 1,15	 3,2	 16,01	 18,05	 20,36	 0,77	 45,97	 8,83	 44,3	 1,48	 -48,1124587526527	 -10,2270136819948	 3875,01907279012	 0,597367043553409	 0,624358345244319
23,81	 15,71	 23,73	 27,97	 12,15	 65,25	 16,67	 5,37	 7,63	 32,77	 33,05	 7,91	 10,17	 20,62	 21,47	 4,24	 10,17	 5,08	 3,92	 -0,317356346837245	 36,4397872374827	 2634,86600279012	 3,8223974491011e-05	 0,503994817025866
10,73	 16,8	 21,5	 34,21	 13,27	 66,54	 21,31	 1,68	 7,85	 34,95	 43,36	 4,3	 7,48	 17,94	 23,55	 3,74	 14,02	 5,61	 3,49	 -9,16680450573006	 50,9241409417271	 4309,52765723457	 0,0194987273617349	 0,621251015991201
3,67	 24,03	 48,46	 25,33	 5,12	 74,23	 8,64	 2,93	 10,1	 11,71	 22,4	 13,03	 14,49	 31,77	 4,83	 21,67	 7,32	 42,31	 1,56	 -48,9501381524476	 9,75570643639997	 3156,14646279012	 0,759190377694156	 0,789345444702384
82,28	 0,42	 30,51	 10,59	 41,1	 27,97	 34,75	 4,24	 16,53	 53,81	 6,36	 8,05	 9,32	 10,59	 9,32	 2,54	 2,97	 1,69	 4,82	 70,6391540829437	 23,123100769918	 6269,43473612346	 0,795907493988722	 0,881190747060176
35,84	 8,21	 72,88	 39,2	 9,84	 61,1	 7,6	 3,73	 20,86	 3,13	 5,66	 16,54	 17,14	 15,8	 1,19	 47,39	 8,64	 19,08	 2,16	 -22,6971885306173	 -11,2642840867444	 3005,62198667901	 0,171399586999828	 0,213615173839836
94,29	 6,34	 36,47	 15,78	 10,74	 38,06	 22,15	 5,57	 18,44	 4,91	 18,57	 25,2	 19,76	 21,35	 11,54	 7,16	 5,17	 4,11	 4,87	 51,2064053602322	 -26,0039833066553	 3937,70510667901	 0,665894443306305	 0,83762064663876
79,28	 7,09	 39,22	 7,77	 4,79	 48,08	 22,44	 13,8	 13,36	 0,87	 2,4	 51,63	 15,11	 13,65	 0,44	 7,92	 4,28	 19,39	 2,22	 32,5540589129691	 -43,4672742500997	 3324,87680112346	 0,318738652617437	 0,887001491738262
36,59	 6,52	 79,87	 42,47	 5,71	 49,13	 7,13	 5,07	 31,54	 2,38	 2,54	 19,18	 19,81	 22,35	 0,32	 41,52	 3,8	 29	 1,36	 -23,1733719111774	 -17,5102767665925	 3453,86749723457	 0,155479376717176	 0,244252264700912
38,67	 4	 32,64	 43,06	 29,17	 30,9	 35,76	 4,86	 22,22	 63,89	 13,19	 2,08	 5,56	 7,64	 12,15	 4,17	 4,17	 0,35	 6,15	 35,0533631855164	 58,0581811291901	 5070,75400834568	 0,242318650952778	 0,907062472183725
37,84	 8,22	 48,51	 35,45	 9,89	 45,71	 19,4	 3,92	 20,9	 12,69	 26,87	 11,38	 15,49	 20,15	 5,41	 17,54	 7,09	 8,4	 3,12	 2,68875825332544	 10,885299438457	 954,002182234568	 0,0075779920417919	 0,131780793745383
28,18	 3,64	 37,74	 52,83	 23,58	 15,09	 50	 3,77	 18,87	 74,53	 9,43	 0,94	 3,77	 10,38	 4,72	 1,89	 6,6	 2,83	 4,37	 33,4708093149297	 72,3715599293626	 7963,94001445679	 0,140670958616305	 0,798340739792648
2,92	 27,01	 59	 30	 9	 85	 3	 2	 6	 5	 6	 20	 24	 15	 3	 44	 10	 65	 1,86	 -71,6136266984466	 -7,45919457329712	 6369,76839112346	 0,805133124785395	 0,813868070903662
2,93	 15,12	 27,01	 54,6	 14,94	 40,23	 43,68	 1,15	 12,64	 63,22	 17,82	 1,15	 4,6	 12,64	 13,79	 2,3	 7,47	 10,92	 3,04	 -0,786926830668735	 76,5616109191754	 6451,9727705679	 9,59789910538996e-05	 0,90860574414049
33,59	 9,57	 39,74	 7,78	 2,16	 67,82	 12,1	 10,58	 8,42	 0,65	 1,94	 50,97	 18,14	 15,33	 0,43	 5,83	 7,78	 47,08	 1,54	 -18,507091872101	 -32,2496232221039	 2732,3066005679	 0,12535652093041	 0,506001283766138
94,64	 0,89	 34,53	 21,92	 33,93	 29,43	 25,23	 4,8	 22,52	 49,25	 5,71	 4,8	 9,31	 13,51	 24,02	 2,7	 4,2	 0,9	 9,51	 71,5982501448625	 15,3762958341086	 6559,91121945679	 0,781460183272236	 0,817501901775493
21,8	 14,58	 28,48	 10,37	 6,88	 77,79	 6,36	 6,18	 6,88	 3,48	 18,73	 43,21	 25,7	 27,18	 6,62	 7,32	 7,32	 18,82	 2,65	 -17,7259927345715	 -12,1110630569107	 2917,6521705679	 0,107693035378142	 0,157965596942572
20,06	 14,35	 60,36	 26,49	 9,55	 69,55	 7,39	 3,42	 14,77	 2,7	 5,23	 19,28	 20	 15,32	 1,08	 45,41	 15,32	 33,15	 2,22	 -38,1188943907941	 -8,79168840138072	 2876,88072945679	 0,50507832830834	 0,531945547430617
80,22	 10,13	 38,72	 9,38	 8,56	 56,52	 13,72	 12,23	 13,32	 0,82	 5,3	 52,99	 20,24	 21,33	 2,04	 8,97	 9,24	 21,2	 2,91	 26,2317836359851	 -46,9304429315048	 3235,32331667901	 0,212685535685954	 0,893441756368101
13,99	 2,56	 17,7	 51,67	 26,79	 20,81	 63,64	 0,96	 10,29	 77,27	 11,72	 0,48	 2,39	 5,98	 6,46	 1,44	 4,31	 0,96	 4,27	 31,035549270968	 90,0535957003211	 10526,8905255679	 0,0914995093956029	 0,861874206354789
82,27	 1,99	 24,75	 13,17	 34,88	 45,3	 24,31	 3,33	 15,48	 50,8	 13,46	 5,93	 13,75	 14,62	 19,54	 1,59	 5,93	 1,3	 7,35	 61,1994708740057	 20,9578045259011	 5170,2533105679	 0,724408459369447	 0,809361660723837
91,71	 4,6	 51,53	 18,76	 3,87	 33,65	 21,9	 16,28	 22,85	 1,68	 4,31	 40,44	 13,36	 16,35	 1,75	 10,15	 4,82	 11,9	 2,31	 43,7737920493468	 -42,0556722784938	 4080,31253723457	 0,469607377595179	 0,903074067868565
24,09	 14,17	 37,34	 7,8	 3,67	 66,97	 13,03	 6,42	 10,92	 3,49	 11,65	 49,27	 22,02	 22,39	 3,85	 8,17	 6,61	 31,01	 1,93	 -16,8926865360977	 -19,7330607872136	 2253,13280001235	 0,126651593019858	 0,299474822982039
6,1	 20,11	 30,91	 18,38	 5,49	 79,59	 8,71	 1,67	 7,4	 9,43	 30,55	 11,58	 14,8	 33,65	 9,67	 17,18	 9,9	 21,48	 2,28	 -34,7857459686282	 16,4131280268421	 3491,71342390123	 0,346548520938458	 0,423699976089816
28,66	 4,18	 59,81	 41,12	 7,79	 34,58	 20,25	 4,05	 28,35	 11,53	 19,94	 14,64	 17,13	 24,61	 2,18	 19,63	 3,12	 14,64	 2,21	 -4,58553031742762	 9,00983274205479	 1716,86724390123	 0,0122473583014305	 0,05952945674449
79,81	 4,06	 38,51	 8,05	 11,17	 38,98	 26,98	 8,35	 17,81	 4,17	 11,7	 40,86	 20,58	 19,11	 4,06	 7	 4,88	 8,76	 2,96	 43,3789991886833	 -30,5635392822184	 3074,78114001235	 0,61199073525091	 0,915794450351087
19,23	 13,32	 37,76	 24,19	 9,26	 56,86	 18,81	 3,3	 14,29	 9,91	 29,22	 14	 17,95	 21,54	 6,25	 19,31	 9,69	 13,28	 3,07	 -12,8966527556454	 15,2128793630759	 1359,68886390123	 0,122324788203735	 0,292534094656003
93,89	 3,32	 44,4	 15,52	 7,04	 29,96	 28,16	 6,86	 21,84	 6,14	 14,26	 30,69	 19,68	 18,05	 9,93	 7,04	 3,25	 4,69	 3,22	 54,7362639907669	 -28,9388711215368	 4299,8466605679	 0,696782660447529	 0,891547341120656
92,71	 0	 31,25	 18,75	 29,17	 26,04	 36,46	 3,13	 19,79	 52,08	 8,33	 5,21	 10,42	 9,38	 10,42	 4,17	 1,04	 2,08	 5,59	 73,9533866547795	 19,0506369578794	 6518,59383390123	 0,839000486465067	 0,894676108807641
7,2	 23,11	 78,82	 32,51	 4,43	 74,38	 0,99	 6,4	 14,29	 1,97	 2,46	 14,29	 13,79	 19,7	 1,97	 53,2	 11,33	 70,44	 1,07	 -73,9306194516077	 -14,8177099687714	 7621,58528445679	 0,717139058149107	 0,745947307420607
28,57	 10,84	 22,1	 27,9	 11,05	 67,4	 17,13	 4,7	 8,01	 29,01	 39,78	 7,73	 9,67	 22,93	 23,48	 2,49	 8,56	 3,87	 3,7	 2,98853478670966	 33,7441594407837	 2971,04785445679	 0,00300612464318813	 0,386260906169828
91,71	 4,59	 36,76	 18,85	 10,29	 41,18	 20,32	 8,82	 15,64	 7,22	 17,11	 24,47	 19,65	 20,99	 11,63	 8,96	 5,35	 3,74	 4,46	 47,8218300266309	 -23,921587298769	 3451,79487723457	 0,662532829566096	 0,828313925849281
35,83	 6,75	 70,39	 44,09	 9,92	 62,05	 8,03	 4,41	 19,69	 3,31	 5,04	 14,8	 15,12	 16,54	 1,26	 48,03	 7,56	 17,8	 2,08	 -23,1399845858758	 -8,55191370350824	 3082,2489755679	 0,173723437294975	 0,197451315403452
8,09	 16,37	 16,13	 34,84	 12,69	 67,74	 25,16	 0,43	 4,09	 38,71	 41,51	 3,01	 8,82	 16,34	 20	 2,8	 11,83	 3,87	 3,15	 -8,27163467704159	 56,7493379034859	 4939,41617945679	 0,0138518273708132	 0,665849398638069
11,72	 3,65	 21,89	 46,76	 25,68	 21,89	 58,92	 1,08	 12,7	 74,86	 9,19	 2,43	 3,24	 7,3	 8,92	 2,7	 4,86	 3,51	 4,04	 27,0060868878698	 84,6580248446486	 9188,13351279012	 0,0793772454416265	 0,859403042914041
93,59	 1,28	 42,86	 24,68	 31,17	 16,88	 31,17	 1,3	 24,68	 48,05	 7,79	 6,49	 9,09	 12,99	 15,58	 2,6	 1,3	 0	 5,02	 73,9068140492657	 15,2406147227083	 6801,45587834568	 0,80309528733447	 0,837246260490901
90,69	 4,55	 53,03	 18,14	 4,26	 37,72	 17,56	 15,75	 21,89	 0,79	 4,55	 41,4	 15,17	 17,63	 1,37	 11,49	 3,61	 12,86	 1,97	 39,9174879827219	 -44,721011270708	 3893,12288667901	 0,409287323629793	 0,923005720734089
16,18	 11,3	 52,92	 28,35	 7,4	 44,86	 21,77	 4,03	 21,2	 10,76	 24,16	 12,57	 13,23	 24,08	 4,85	 21,94	 10,68	 20,95	 2,07	 -16,8642039643822	 14,0469193852619	 1428,04505834568	 0,199154342988134	 0,337326414704575
2,44	 20,49	 20,25	 49,08	 9,2	 49,08	 39,88	 1,23	 7,36	 52,76	 28,83	 1,84	 3,68	 14,11	 11,66	 6,13	 6,13	 13,5	 2,57	 -8,88224496056265	 69,7582977498674	 5502,70236834568	 0,0143373692157658	 0,898670153222423
38,25	 9,7	 48,35	 37,4	 8,26	 48,97	 18,18	 4,75	 17,77	 11,98	 23,76	 11,78	 17,77	 21,69	 4,55	 21,07	 5,79	 5,37	 2,86	 0,923294275200216	 9,32325503405997	 1040,90138723457	 0,000818975100880894	 0,0843264864714429
30,42	 5,07	 56,97	 32,05	 7,42	 30,56	 21,96	 6,23	 27,3	 13,65	 16,32	 13,95	 15,73	 29,38	 3,26	 16,91	 3,56	 8,31	 2,02	 4,28632024533101	 9,68125800643339	 1740,69537612346	 0,0105547136492373	 0,0643991472432765
88,58	 5,71	 48,9	 22,14	 4,07	 43,83	 13,44	 14,1	 18,61	 0,88	 5,07	 38,55	 17,51	 22,58	 3,63	 13,66	 4,63	 8,92	 2,62	 35,7617977551259	 -41,4462050600762	 3396,1733555679	 0,376572702504073	 0,882373712651461
11,4	 15,79	 28,13	 23,96	 11,46	 56,25	 29,17	 0	 10,42	 32,29	 26,04	 12,5	 11,46	 16,67	 17,71	 2,08	 6,25	 7,29	 2,26	 -2,26603791963382	 40,4734469116744	 2618,7337805679	 0,00196084378309918	 0,627492128050141
91,58	 1,05	 28,01	 22,34	 29,43	 34,4	 28,01	 2,48	 19,15	 49,65	 12,77	 2,48	 10,64	 13,12	 23,76	 1,06	 2,84	 1,42	 7,69	 68,5777804227648	 20,3276725475715	 6074,82207723457	 0,774164561187255	 0,842185363434256
20,3	 13,37	 60,35	 31,64	 11,13	 71,68	 6,45	 2,93	 15,04	 3,13	 3,32	 15,43	 19,53	 17,77	 1,37	 43,95	 11,52	 34,96	 2,15	 -40,4158272535161	 -6,8129071674465	 2910,90123945679	 0,561145486643469	 0,577090962032014
25,52	 8,39	 34,73	 14,89	 4,96	 68,32	 8,4	 12,98	 6,87	 0,38	 3,05	 62,21	 22,14	 27,86	 1,91	 11,45	 9,92	 28,63	 2,06	 -17,9297059035003	 -29,0169107854147	 3290,72173501235	 0,0976911388056962	 0,353556319556252
6,92	 27,04	 56,9	 26,72	 2,59	 81,03	 4,31	 4,31	 8,62	 1,72	 0,86	 22,41	 24,14	 22,41	 0	 42,24	 10,34	 67,24	 1,68	 -68,952576299016	 -15,0845108602834	 6023,34575723457	 0,789338346144433	 0,827115102961142
94,91	 3,74	 48,5	 14,29	 8,11	 30,86	 22,57	 8,99	 25,22	 3,35	 13,05	 32,8	 16,58	 21,16	 8,29	 8,29	 3,17	 6,53	 2,92	 52,1313912535533	 -35,2105832421029	 4391,11450779012	 0,618904824551878	 0,901244346796082
29,55	 12,4	 39,39	 9,2	 2,36	 67,92	 13,68	 10,61	 7,08	 0	 1,65	 59,67	 18,87	 14,15	 0,47	 8,49	 6,37	 44,34	 1,53	 -20,2641175481435	 -33,2775209515767	 3271,53011612346	 0,125517554608837	 0,464011580760371
77,28	 6,79	 39,64	 10,22	 5,74	 53,36	 12,89	 15,13	 12,46	 1,4	 4,34	 50,7	 22,55	 20,17	 2,1	 9,1	 10,78	 17,37	 2,62	 26,8238935293806	 -44,47931037019	 3019,64344834568	 0,238280206383219	 0,893459893935923
18,08	 12,3	 38,51	 26,84	 10,02	 58,63	 18,83	 3,01	 12,88	 9,59	 32,71	 12,88	 19,76	 19,47	 7,52	 18,75	 8,16	 14,75	 2,84	 -15,2981542618424	 16,7612590089766	 1529,17159501235	 0,153045952843007	 0,336766213199878
19,48	 12,77	 72,33	 34,12	 6,82	 65,14	 7,94	 3,6	 17,49	 2,61	 3,47	 15,63	 17,12	 19,23	 0,74	 45,66	 8,81	 46,77	 1,32	 -46,7032168065828	 -11,321178218558	 3730,02058445679	 0,584766333240042	 0,619127826254435
33,93	 3,57	 28,7	 51,85	 23,15	 19,44	 49,07	 0,93	 20,37	 75	 7,41	 2,78	 3,7	 9,26	 4,63	 0,93	 2,78	 0,93	 4,36	 38,7359240679022	 70,7479156757216	 7801,85519723457	 0,192322438120377	 0,833870819360927
79,43	 3,25	 28,25	 9,93	 32,45	 42,24	 24,62	 2,8	 17,48	 50,07	 13,15	 6,57	 13,43	 12,73	 20,84	 1,82	 4,48	 2,1	 7,19	 60,2729275256994	 20,219105466822	 4846,81770445679	 0,7495280437673	 0,833874567776767
5,02	 21,85	 29,6	 20,15	 3,78	 83,25	 7,3	 1,89	 4,66	 7,81	 32,87	 12,34	 19,14	 29,97	 12,22	 15,62	 9,95	 24,94	 2,2	 -39,3383527560692	 15,2183767876755	 3932,17863390123	 0,393549261526202	 0,452447651862524
37,26	 5,4	 80,23	 41,43	 5,12	 50,51	 6,88	 5,27	 29,87	 3,07	 2,93	 16,54	 16,84	 23,28	 0,88	 40,56	 5,12	 28,84	 1,23	 -22,9460700679423	 -16,4061022765445	 3307,69932112346	 0,159180772024975	 0,240554610992
21,73	 4,18	 23,01	 34,57	 29,66	 40,02	 38,28	 1,53	 16,36	 62,7	 20,94	 2,62	 6,54	 6,54	 15,59	 1,74	 9,49	 1,74	 5,24	 24,5066533581424	 67,2461658060281	 5350,37410723457	 0,112249358040979	 0,957432652700184
74,96	 5,08	 33,58	 9,45	 11,81	 53,86	 15,61	 8,18	 13,42	 4,61	 16,13	 36,35	 23,16	 19,12	 8,29	 9,27	 5,36	 7,95	 3,57	 32,9919218710642	 -27,424663562343	 2401,26772334568	 0,453288443501772	 0,766503069341072
23,82	 13,7	 23,77	 10,06	 5,32	 74,65	 9,39	 5,9	 6,48	 4,32	 17,79	 43,06	 22,36	 27,93	 4,9	 8,73	 6,98	 17,12	 2,45	 -13,3009616107473	 -10,4298663561186	 2741,02957945679	 0,0645434770556665	 0,104230065271198
21,39	 12,71	 36,18	 8,47	 5,67	 68,17	 12,91	 6,58	 10,03	 3,87	 9,87	 47,2	 21,13	 23,27	 2,88	 8,55	 7,15	 31,41	 1,8	 -18,9622577882431	 -17,2192702419272	 2253,99808779012	 0,159524190537497	 0,291069673770457
82,24	 2,8	 34,13	 11,06	 29,33	 36,06	 25,48	 5,29	 17,79	 52,4	 10,1	 6,73	 8,65	 12,98	 17,31	 1,92	 1,44	 5,77	 4,91	 61,8028242738271	 17,8421465850834	 4862,20091501235	 0,785567925921845	 0,851040784885921
47,28	 3,06	 27,37	 43,51	 18,95	 30,53	 38,95	 3,51	 17,19	 60	 18,25	 2,46	 6,32	 8,42	 7,37	 4,91	 3,51	 0,35	 5,56	 38,9833364058047	 52,6555664731469	 4656,27354112346	 0,32637698449337	 0,921833556389493
6,47	 29,85	 63,83	 34,75	 4,96	 80,85	 4,26	 3,55	 7,8	 2,13	 3,55	 17,02	 12,77	 23,4	 1,42	 49,65	 8,51	 87,23	 1,12	 -82,553015296934	 -14,3155479111002	 8745,57991834568	 0,779250821357191	 0,802683791372719
77,71	 5,2	 41,54	 9,72	 4,3	 47,18	 21,29	 15,36	 13,35	 0,89	 3,19	 51,63	 16,39	 13,35	 1,04	 8,46	 6,38	 19,96	 2,06	 30,6194524808772	 -43,3818288106164	 3127,72969167901	 0,299754442566745	 0,901463431665273
77,61	 4,31	 38,41	 9,19	 11,24	 39,9	 26,54	 8,62	 18,26	 4,62	 11,99	 40,13	 18,95	 17,35	 4,57	 6,74	 5,54	 9,47	 2,72	 41,2331597435338	 -28,6575301738844	 2755,65531834568	 0,616976096798801	 0,915001045782669
3,95	 19,83	 48,83	 26,3	 4,53	 76,68	 9,84	 2,07	 8,68	 7,25	 22,02	 9,97	 11,92	 29,66	 7,51	 25,78	 10,49	 41,06	 1,49	 -50,3938756876716	 9,47714088680735	 3321,10879612346	 0,764667122555204	 0,791711162633998
86,3	 4,65	 49,79	 16,88	 4,32	 42,96	 12,83	 17,02	 17,57	 1,67	 6,97	 39,61	 18,27	 21,06	 3,63	 14,64	 4,6	 7,11	 3,2	 36,9930794261801	 -41,3452332737528	 3428,27358612346	 0,399176988374226	 0,89780356280523
5,29	 20,26	 26,52	 33,15	 11,05	 44,2	 40,33	 3,31	 11,05	 54,14	 24,31	 0,55	 3,87	 13,26	 13,81	 4,42	 12,71	 11,6	 2,75	 -0,561178092991609	 65,5781294014213	 4775,53089945679	 6,59446789653316e-05	 0,900592220465126
6,42	 20,45	 48,86	 18,44	 5,79	 78,73	 5,79	 3,1	 8,34	 7,13	 22,88	 9,83	 14,4	 31,22	 4,85	 28,94	 10,36	 44,41	 1,45	 -50,5729551589571	 4,40511495843918	 3663,7189155679	 0,698094982844347	 0,70339152393941
35,81	 8,45	 58,3	 30,63	 9,96	 39,11	 18,82	 4,06	 27,68	 11,81	 20,3	 13,65	 15,87	 21,77	 3,69	 19,56	 4,8	 15,87	 2,11	 0,0407531135176052	 4,43057883372102	 1062,55712723457	 1,56303714766028e-06	 0,0184758909567262
41,65	 6,64	 52,21	 34,56	 8,82	 48,28	 15,69	 5,88	 21,57	 12,5	 22,06	 14,46	 18,38	 15,69	 6,86	 25,74	 5,39	 6,13	 3,08	 3,71306450928785	 4,69292501220717	 1088,77852945679	 0,0126626744348197	 0,0328904292760063
25	 6	 31,91	 6,38	 14,89	 64,89	 14,89	 4,26	 11,7	 27,66	 25,53	 11,7	 12,77	 21,28	 11,7	 5,32	 10,64	 13,83	 3,19	 1,10618161082417	 20,7493311440898	 1821,95969834568	 0,000671605281520012	 0,23697471523396
16,81	 1,72	 18,86	 35,09	 28,73	 27,41	 51,75	 1,54	 12,06	 73,9	 11,62	 1,97	 3,07	 6,14	 7,02	 2,19	 5,48	 0,88	 4,73	 31,9967338911868	 79,4190692536055	 8095,7846755679	 0,126459759088344	 0,905555154268989
76,59	 1,79	 28,31	 5,96	 34,6	 45,03	 21,69	 3,15	 16,56	 48,68	 13,08	 7,12	 12,42	 14,4	 23,01	 1,49	 5,13	 2,81	 7,64	 57,9122676921686	 19,1565907266507	 4778,16179445679	 0,7019081591461	 0,778710700385731
41,38	 2,59	 34,51	 39,82	 20,35	 23,01	 44,25	 1,77	 22,12	 68,14	 7,08	 2,65	 5,31	 14,16	 5,31	 0,88	 5,31	 0,88	 4,04	 41,1022533461031	 57,2762877511138	 5798,98400001235	 0,291326071967718	 0,857041228026331
93,53	 0,72	 27,54	 15,58	 29,35	 35,51	 23,19	 3,99	 17,75	 46,74	 8,33	 2,9	 10,87	 11,96	 21,38	 1,81	 5,07	 1,09	 10,67	 69,4583123909711	 14,280638773434	 6069,93446112346	 0,794812067758108	 0,828409900664455
13,14	 15,49	 15,31	 30,63	 12,76	 69,61	 21,81	 1,39	 5,57	 37,12	 38,28	 2,78	 9,05	 17,17	 20,19	 3,71	 12,76	 6,5	 3,61	 -6,71405422233744	 50,7253962161889	 4246,97573612346	 0,0106142645735089	 0,61647264031219
19,83	 12,89	 70,7	 28,59	 9,53	 69,42	 6,83	 2,56	 17,64	 2,13	 2,42	 11,81	 13,09	 21,34	 0,14	 47,94	 10,38	 45,52	 1,51	 -46,5507265965805	 -10,6334294766411	 3954,88823112346	 0,547921968974083	 0,576511859718626
38,75	 7,03	 74,45	 36,47	 9,24	 54,45	 8,57	 5,21	 25,38	 2,35	 5,55	 14,12	 13,95	 23,03	 1,51	 42,52	 5,21	 32,61	 1,44	 -23,1303245947696	 -15,3233452123578	 2725,89174167901	 0,196270419576481	 0,282409170029006
78,96	 3,6	 36,19	 5,29	 11,08	 42,98	 25,11	 7,74	 17,26	 4,12	 13,08	 39,59	 17,59	 19,49	 5,07	 6,74	 4,73	 9,13	 3,09	 42,1117266225878	 -29,8407454787613	 2959,35107501235	 0,599252158390221	 0,900152615333978
25,78	 3,92	 21,94	 20,89	 31,39	 42,59	 36,64	 1,52	 14,35	 67,21	 18,2	 1,63	 4,9	 8,17	 17,85	 1,75	 6,88	 1,87	 5,6	 30,9857212654162	 65,2053030923673	 5681,44938390123	 0,168991195285241	 0,917344522768023
36,67	 9,78	 36,95	 4,93	 4,19	 67,49	 11,08	 14,29	 6,65	 0	 1,72	 62,07	 18,97	 14,29	 0,74	 7,88	 8,62	 43,35	 1,65	 -13,4293911401107	 -38,4558335059385	 3510,33032779012	 0,051376517180256	 0,472661978246096
7,34	 18,51	 33,03	 17,75	 4,7	 81,07	 7,05	 2,48	 6,53	 6,66	 30,94	 13,32	 18,54	 31,2	 7,31	 19,58	 8,88	 27,55	 2,14	 -38,5048167070637	 10,4643608933464	 3448,6298155679	 0,429915934424646	 0,46166850131712
91,35	 5,47	 51,17	 13,82	 3,36	 40,15	 16,9	 18,11	 19,14	 0,75	 3,64	 43,14	 14,75	 15,41	 1,68	 10,55	 3,64	 12,89	 2,27	 40,7326960884684	 -46,8533214211201	 4077,32592667901	 0,406921732643265	 0,945322088088682
28,46	 10,65	 35,3	 5,37	 5,28	 70,61	 10,28	 8,83	 7,92	 3,64	 11,01	 47,68	 20,56	 24,02	 3,46	 8,92	 7,73	 29,85	 2,01	 -14,2275623604968	 -21,85999289577	 2293,32608445679	 0,0882663534391245	 0,29663588825663
20,86	 11,37	 38,47	 21,67	 8,69	 58,93	 17,13	 3,9	 13,8	 8,6	 30,68	 13,88	 19,24	 22	 7,06	 18,51	 8,12	 13,47	 3	 -12,3128369152958	 12,460411953069	 1404,14971279012	 0,107969934773851	 0,2185435186488
46,64	 3,53	 28,94	 38,83	 22,34	 29,3	 37,36	 3,66	 17,95	 69,6	 14,29	 2,2	 5,13	 8,42	 11,36	 2,2	 6,23	 1,83	 5,82	 42,2763718120553	 56,8921706530149	 5406,78912667901	 0,330564327869199	 0,929204113105256
89,14	 3,76	 37,48	 10,85	 9,12	 38,78	 19,54	 8,25	 16,35	 5,07	 16,79	 28,36	 20,98	 19,83	 9,41	 7,53	 5,35	 2,6	 4,97	 49,3277639361637	 -27,5382516292189	 3640,11248890123	 0,668448654364623	 0,876781585038172
19,24	 9,22	 48,17	 21,27	 10,16	 52,94	 19,21	 3,02	 18,89	 8,89	 22,3	 13,25	 14,68	 24,05	 4,05	 21,51	 8,25	 19,37	 2,1	 -14,6594843798237	 9,96696794251264	 1165,77989223457	 0,184340529214631	 0,269554256633328
80,76	 4,85	 40,74	 5,25	 7,25	 54,01	 13,43	 15,59	 14,35	 0,62	 3,55	 56,94	 20,68	 18,21	 2,47	 7,41	 8,8	 16,36	 2,77	 31,926098650052	 -49,8947838400757	 3909,33218890123	 0,260728872799968	 0,897535706845856
7,73	 22,27	 69,01	 25,73	 5,26	 79,53	 3,51	 2,92	 10,53	 1,17	 4,68	 12,87	 11,7	 21,05	 1,17	 50,29	 14,04	 67,84	 1,09	 -70,6276994868565	 -12,2529501155025	 6743,4909805679	 0,739716557667232	 0,761980217093132
26,65	 13,77	 21,18	 19,1	 11,11	 65,63	 15,28	 4,86	 9,72	 30,21	 32,29	 10,07	 13,19	 22,92	 21,53	 3,13	 6,6	 2,78	 4,12	 4,97587529862767	 30,8695376808937	 2698,60117834568	 0,00917487740914394	 0,362294250615779
95,19	 1,92	 34,31	 13,73	 33,33	 34,31	 26,47	 1,96	 13,73	 48,04	 11,76	 0,98	 8,82	 11,76	 15,69	 1,96	 2,94	 2,94	 6,23	 69,8753168891991	 14,7111389889522	 6228,84098445679	 0,783863309811527	 0,818607752781304
81,82	 2,27	 37,21	 6,2	 39,53	 37,21	 24,81	 4,26	 20,93	 46,9	 12,79	 7,75	 6,59	 11,63	 18,6	 4,26	 3,88	 2,33	 5,47	 63,2626209275463	 15,7978875275494	 5226,12346779012	 0,765798824174114	 0,813553771387146
22,32	 13,84	 62,31	 24,2	 14,78	 75,37	 4,28	 3,21	 11,56	 1,5	 4,28	 16,27	 16,27	 16,7	 1,93	 52,03	 10,71	 35,97	 2,2	 -40,9032408166474	 -10,9797924159639	 3733,24603445679	 0,448155598067377	 0,480448096441436
75,46	 4,28	 31,16	 4,22	 11,24	 53,2	 16,08	 8,13	 13,16	 4,97	 14,4	 35,01	 23,09	 20,48	 6,27	 7,95	 5,09	 6,58	 3,94	 36,0845550815285	 -27,5264679673126	 2732,56328167901	 0,476510507244978	 0,753798299200492
25,71	 11,44	 28,46	 6,97	 5,56	 71,82	 8,29	 7,35	 8,11	 3,96	 18,47	 41,85	 22,62	 26,2	 6,03	 7,54	 7,45	 15,65	 2,48	 -9,9131225777368	 -12,2270310592269	 2486,31132112346	 0,0395244145036637	 0,0996537664690265
80,53	 5	 39,26	 4,61	 5,19	 51,11	 18,35	 15,39	 11,6	 0,41	 2,14	 53,91	 16,87	 14,32	 0,74	 6,58	 5,51	 19,01	 2,31	 32,8571198434055	 -47,4205569878961	 3740,56414945679	 0,288616978955084	 0,889785448521063
36,94	 14,55	 34,5	 10,04	 3,49	 68,12	 7,86	 15,28	 7,86	 0,44	 3,06	 68,12	 21,83	 19,21	 2,18	 7,42	 5,68	 31,88	 2,02	 -10,3101062663955	 -38,3144257548188	 3676,3644355679	 0,0289139700612806	 0,428220199530547
91,1	 2,51	 42,66	 8,53	 9,33	 35,52	 24,8	 5,95	 21,83	 3,57	 14,09	 35,32	 17,66	 20,04	 6,94	 8,93	 3,77	 4,96	 3,22	 51,8682425025217	 -33,2635192672784	 4089,32521612346	 0,657887166736699	 0,928460343377683
5,76	 31,65	 57,89	 28,42	 10,53	 84,21	 6,32	 0	 8,42	 1,05	 5,26	 18,95	 18,95	 14,74	 1,05	 52,63	 14,74	 76,84	 1,9	 -76,8022068037643	 -11,6160004611126	 7879,92581667901	 0,748557677718612	 0,765681121498624
38,72	 5,39	 69,93	 39,5	 6,58	 64,95	 4,98	 3,38	 19,22	 1,78	 4,45	 13,52	 15,66	 19,4	 1,6	 48,4	 4,27	 17,26	 2,34	 -22,0629154247631	 -12,617401457027	 3217,91826501235	 0,151269298021894	 0,200741909324274
88,57	 2,86	 38,24	 23,53	 29,41	 32,35	 30,88	 4,41	 20,59	 54,41	 8,82	 5,88	 8,82	 8,82	 17,65	 4,41	 4,41	 5,88	 6,63	 64,4226947634669	 19,6162661467049	 5482,66244390123	 0,756983243643513	 0,827167739128257
41,68	 8,09	 70,76	 36,21	 8,47	 65,61	 6,81	 3,82	 17,77	 3,32	 4,32	 14,12	 14,78	 16,11	 0,66	 52,33	 5,65	 20,43	 2,32	 -21,2621302813551	 -14,149147599883	 3285,20235945679	 0,13761045276251	 0,198549888419186
79,12	 2,21	 24,5	 7,41	 32,79	 46,23	 22,74	 3,02	 14,2	 47,74	 12,94	 4,77	 11,43	 13,69	 22,74	 1,76	 5,15	 2,01	 7,85	 59,0107428666354	 19,8760844774995	 4975,74214279012	 0,699848921777022	 0,779245868567993
32,38	 17,79	 34,63	 11,69	 4,33	 66,23	 9,52	 15,15	 8,66	 1,3	 4,76	 63,64	 21,65	 21,65	 0,43	 9,09	 11,69	 38,96	 1,86	 -17,2636103361447	 -34,2188709340338	 3266,72360167901	 0,0912327696426659	 0,449674826815251
78,68	 4,14	 41,71	 5,27	 6,23	 50,34	 18,5	 15,82	 13,04	 0,96	 1,82	 56,57	 15,24	 10,55	 0,96	 7,57	 6,62	 20,81	 2,26	 31,4024906034749	 -47,6635981604483	 3720,66797779012	 0,265037466924697	 0,875631748156432
5,24	 19,5	 48,46	 21,63	 3,74	 77,24	 8,29	 2,76	 9,11	 6,5	 21,79	 13,01	 13,17	 30,57	 6,02	 27,8	 11,22	 42,28	 1,35	 -49,8676359697277	 4,94257201821446	 3369,92475779012	 0,737933721357036	 0,745182850020448
20,6	 2,76	 23,26	 28,42	 31,01	 27,91	 51,42	 1,81	 14,21	 71,83	 12,66	 1,81	 2,33	 7,49	 10,59	 2,07	 6,98	 4,65	 4,78	 33,2382472241936	 74,0918981144374	 7272,54785279012	 0,151911145983421	 0,906751055918709
23,61	 16,16	 60,49	 28,17	 10,4	 74,67	 5,86	 3,78	 12,1	 1,32	 4,73	 13,8	 15,5	 17,01	 1,7	 50,85	 10,78	 38,37	 1,95	 -42,3478093483775	 -10,0114692733203	 3502,11718223457	 0,512072230393578	 0,540691922938156
75,39	 4,75	 33,37	 5,38	 10,93	 52,8	 15,18	 8,5	 15,41	 5,67	 15,3	 34,16	 20,34	 20,57	 7,88	 8,1	 6,18	 7,65	 4,14	 35,0757290015129	 -26,9343424708067	 2493,22284390123	 0,49346040928394	 0,784432716917521
26,81	 13,37	 30,69	 7,42	 5,56	 74,2	 7,42	 7,5	 9,02	 4,05	 18,04	 39,63	 20,49	 29,26	 7,17	 8,18	 7,25	 17,37	 2,49	 -12,0773552482665	 -12,8779913710111	 2371,35326223457	 0,061510240635923	 0,131446114127652
20,38	 13,63	 38,41	 21,11	 9,62	 61,31	 16,89	 3,88	 11,76	 10,59	 29,34	 12,73	 15,99	 22,21	 8,51	 20,97	 8,1	 15,78	 2,89	 -14,6233420145087	 13,8600600361133	 1385,43334279012	 0,154350357443137	 0,293008247556993
8,47	 20,63	 70	 28	 4	 80,67	 2	 6	 6,67	 2	 0,67	 12,67	 12,67	 22	 0	 53,33	 16	 80,67	 0,89	 -77,9794093382596	 -16,4159281931853	 8404,82565723457	 0,723487735347578	 0,755550589407121
8,97	 26,21	 54,21	 29,91	 3,74	 88,79	 0	 3,74	 6,54	 0	 4,67	 7,48	 14,02	 25,23	 0,93	 53,27	 5,61	 69,16	 1,35	 -74,9196915809781	 -9,63847552691189	 7533,28181279012	 0,745088306275641	 0,757420276961399
36,7	 1,83	 27,1	 37,38	 25,23	 24,3	 46,73	 1,87	 14,95	 69,16	 6,54	 0	 0,93	 10,28	 2,8	 3,74	 3,74	 3,74	 4,5	 39,0424470692843	 63,5394083143863	 6305,15957501235	 0,241756398870346	 0,882066348350792
34,7	 6,94	 75,91	 35,18	 6,88	 51,24	 9,18	 6,5	 27,72	 1,34	 3,82	 15,68	 15,3	 21,99	 0,96	 43,21	 6,5	 24,86	 1,54	 -21,2874661495321	 -14,1898076704991	 2957,95134723457	 0,153199347072134	 0,221270325289541
89,62	 5,07	 38,93	 10,29	 6,9	 42,45	 16,02	 9,38	 17,32	 5,86	 16,02	 27,47	 19,01	 19,92	 10,68	 10,94	 3,65	 3,26	 4,72	 46,7169310849816	 -29,0347149222634	 3531,47055334568	 0,618006469834859	 0,856721378506105
89,86	 5,26	 48,56	 10,91	 5,76	 31,07	 22,02	 9,47	 24,28	 3,5	 12,96	 33,95	 20,58	 21,4	 7,2	 8,02	 5,35	 7,2	 3,14	 48,5843301448555	 -35,1771129513456	 3979,7376705679	 0,593113750456694	 0,904046122894988
75,78	 7,55	 41,45	 6,63	 6,01	 57,47	 10,17	 18,34	 10,79	 1,08	 4,16	 58,86	 19,41	 13,87	 2,62	 8,32	 8,17	 19,11	 2,74	 24,8742928104083	 -49,5005682331907	 3672,08170723457	 0,168495826658469	 0,835775710594953
23,23	 3,02	 23,47	 24,34	 28,53	 41,87	 36,32	 1,75	 15,87	 62,8	 22,4	 0,88	 4,28	 7,3	 17,92	 1,56	 8,96	 1,17	 6,27	 27,4766441823228	 65,1427639622138	 5331,24915279012	 0,141611459882129	 0,937593710011221
34,74	 8,12	 60,42	 28,98	 8,13	 37,1	 16,25	 4,24	 31,8	 9,54	 18,37	 17,31	 16,96	 24,38	 3,18	 21,91	 3,89	 14,13	 2,11	 -0,223204762481321	 0,0763849749809546	 1429,96263501235	 3,48403271347806e-05	 3,89206186472862e-05
25,98	 11,29	 37,87	 4,34	 4,73	 69,63	 11,64	 8,19	 8,09	 2,76	 8,78	 55,03	 22,58	 21,1	 2,56	 7,99	 8,88	 31,66	 1,9	 -15,9151353172208	 -25,6336713912455	 2831,48922223457	 0,0894552344315676	 0,321518667283272
8,32	 21,87	 30,09	 18,13	 4,86	 83,71	 7,23	 2,63	 4,6	 8,41	 31,8	 11,3	 16,82	 29,57	 8,54	 21,02	 8,54	 28,12	 2	 -39,0678344985672	 12,9114602826928	 3695,13148279012	 0,413055854579486	 0,458170840990113
21,06	 15,5	 73,98	 29	 11,29	 67,71	 5,96	 5,02	 16,46	 1,41	 2,98	 12,23	 14,11	 19,28	 1,25	 47,49	 9,25	 47,34	 1,36	 -46,9458475994043	 -12,5778088134158	 4065,06714501235	 0,542158967664433	 0,58107622755298
41,32	 3,16	 23,91	 31,79	 25,27	 38,32	 35,6	 2,45	 13,59	 61,96	 14,67	 2,45	 5,43	 6,25	 10,87	 2,45	 5,16	 1,63	 6,41	 36,6121540220304	 54,4802538159421	 4489,2188205679	 0,298593112902282	 0,959754480722173
84,95	 1,46	 29,56	 7,39	 33,99	 36,95	 28,08	 4,93	 17,73	 51,72	 5,91	 5,91	 9,36	 10,34	 18,23	 0,99	 3,94	 4,43	 5,95	 66,7841046417146	 17,9848098806396	 5683,93580501235	 0,784688072807289	 0,841594659640574
92,73	 1,3	 27,11	 15,26	 30,26	 35	 25,79	 3,42	 15,26	 47,11	 10,53	 3,95	 13,42	 11,05	 21,32	 1,58	 3,42	 0,79	 10,46	 70,0672139155757	 15,5173338586104	 6078,5930655679	 0,807656379187538	 0,847268777563654
21,85	 10,11	 49,05	 22,92	 9,17	 50,43	 20,93	 4,15	 18,69	 8,65	 24,22	 12,11	 13,41	 24,83	 5,02	 21,19	 10,03	 22,75	 2,07	 -14,3906117581119	 9,4100785314606	 1051,4385005679	 0,19695845896917	 0,281176012273932
36,63	 8,01	 51,11	 27,96	 8,52	 49,44	 14,44	 6,67	 19,63	 10	 23,33	 14,81	 17,78	 18,89	 6,85	 23,7	 8,15	 8,52	 2,99	 -0,342758693940626	 3,60214771510559	 924,143837234568	 0,000127126879537978	 0,0141676556788952
13,68	 18,66	 19,61	 29,95	 14,01	 66,37	 23,29	 1,23	 7,18	 36,78	 44,13	 1,4	 5,6	 15,94	 22,07	 3,15	 13,31	 8,06	 3,08	 -6,3839159617009	 51,8961629044703	 4342,26201501235	 0,00938551908317851	 0,629617949760134
14,81	 17,28	 37,31	 23,88	 11,94	 58,21	 14,93	 1,49	 16,42	 32,84	 19,4	 8,96	 2,99	 26,87	 22,39	 4,48	 7,46	 11,94	 2,78	 -7,62389052636238	 33,5671378831189	 2197,21720834568	 0,0264533276624573	 0,539262321413542
88,47	 5,71	 45,9	 15,51	 4,79	 44,64	 14	 11,73	 21,19	 0,88	 6,56	 38,34	 17,78	 23,2	 2,77	 12,74	 5,04	 10,09	 3,07	 37,5055158482079	 -41,7232607857765	 3397,28882167901	 0,41405479277001	 0,926472365126298
80,58	 3,03	 39,27	 4,03	 9,88	 43,69	 23,34	 7,8	 18,99	 3,64	 11,25	 42,52	 17,69	 20,29	 4,88	 7,74	 5,2	 9,3	 3,07	 42,1626658509002	 -34,2740521571389	 3203,85281001235	 0,554860193982449	 0,921515817985897
26,4	 13,2	 19,85	 26,55	 10,57	 70,62	 15,98	 3,35	 6,44	 32,99	 37,37	 6,7	 8,76	 19,59	 31,19	 2,32	 8,76	 5,67	 3,25	 1,2733527971701	 37,527374170449	 3550,26461834568	 0,000456706054439528	 0,397132436886333
90	 6,12	 54,4	 13,13	 3,62	 38,99	 16,75	 17,68	 21,41	 1,14	 3,72	 44,47	 14,79	 16,24	 1,14	 10,13	 5,79	 11,89	 2,14	 40,4039884289841	 -47,2343043242111	 4116,23164723457	 0,396596309652845	 0,938616219171568
4,97	 17,68	 26,85	 36,91	 13,42	 46,31	 36,24	 4,7	 10,74	 58,39	 22,15	 2,68	 4,03	 20,13	 8,05	 4,03	 12,08	 9,4	 2,75	 -1,15102733151388	 65,90322216031	 4778,71956001235	 0,000277242449834938	 0,90914720993124
35,52	 11,59	 39,89	 4,84	 2,85	 72,36	 6,55	 12,25	 7,41	 0,28	 1,71	 62,11	 19,37	 10,26	 0,28	 9,12	 7,41	 52,14	 1,67	 -21,3429532280764	 -41,5910089854969	 4151,72880945679	 0,109718546996199	 0,526367154798213
35,99	 6,05	 52,88	 27,12	 9,49	 42,03	 24,75	 4,07	 21,36	 11,86	 18,31	 11,53	 12,2	 16,95	 3,39	 20	 5,42	 17,29	 2,19	 1,49962382757786	 7,07499887973771	 774,774555012346	 0,00290261419878899	 0,0675092908435741
31,56	 17,56	 45,28	 6,47	 2,43	 64,96	 8,36	 17,25	 8,63	 0	 1,89	 55,53	 12,94	 15,09	 0,27	 8,89	 12,94	 56,87	 1,48	 -26,3812773684385	 -37,8790182759022	 3670,47552445679	 0,189613523085265	 0,580522007826755
26,4	 19,96	 21,56	 23,9	 12,99	 71,17	 14,03	 3,12	 8,31	 33,77	 31,95	 9,87	 10,13	 18,18	 30,13	 1,04	 12,21	 7,27	 3,28	 -0,111683929615735	 34,3062435360329	 3166,96991279012	 3,93855972045636e-06	 0,37162677614984
39,84	 4,95	 24,93	 37,26	 24,11	 35,62	 37,81	 3,29	 14,79	 69,04	 15,07	 2,47	 4,38	 5,75	 10,41	 1,92	 4,93	 0,27	 6,55	 37,570209242387	 60,8467654027094	 5394,08014612346	 0,261679579145881	 0,948048479806931
25,24	 13,86	 40,16	 5,84	 4,3	 67,32	 11,37	 7,79	 11,48	 2,46	 8,2	 46,93	 17,62	 23,26	 1,84	 8,81	 10,66	 34,94	 1,8	 -19,072812300598	 -22,4457486297989	 2218,60684779012	 0,163964232516538	 0,391048914984705
25,46	 15,17	 27,31	 7,1	 5,39	 76,55	 7,64	 6,02	 7,01	 4,31	 17,7	 43,4	 22,37	 28,3	 7,1	 8,27	 10,06	 20,31	 2,31	 -14,7996896569466	 -13,8090798453754	 2755,50751834568	 0,0794883746401212	 0,148691846198942
18,39	 20,69	 33,33	 27,54	 7,25	 47,83	 30,43	 4,35	 10,14	 28,99	 20,29	 7,25	 1,45	 26,09	 11,59	 4,35	 8,7	 11,59	 2,55	 -2,37391232379286	 35,3058556452754	 1965,5975105679	 0,00286704663124418	 0,637027110501533
25,81	 6,24	 21,6	 21,15	 28,81	 42,66	 36,28	 2,28	 14,68	 63,17	 21,42	 1,73	 5,83	 6,93	 19,51	 1,91	 10,3	 2,92	 5,75	 28,5926045105888	 62,9929341171976	 5191,4226955679	 0,157478417890514	 0,921837242318607
90,65	 6,68	 47,24	 11,66	 6,95	 33,74	 21,88	 9	 25,36	 5,11	 13,29	 31,08	 15,75	 12,27	 6,95	 7,16	 5,32	 8,59	 3,15	 48,4972652045987	 -32,0286829166172	 3738,58054890124	 0,629111691338688	 0,903503674059162
80,65	 2,15	 37,91	 11,54	 32,97	 38,46	 26,92	 3,3	 23,08	 46,7	 14,29	 6,59	 4,95	 10,44	 17,03	 2,2	 3,85	 3,3	 5,28	 60,0726393557293	 17,2907779808323	 4641,23230001235	 0,777535310859988	 0,841951608915494
75,84	 8,85	 43,76	 5,39	 5,86	 54,7	 10,94	 17,26	 12,33	 1,39	 3,7	 54,7	 18,64	 18,95	 2,93	 10,48	 10,17	 18,03	 2,4	 25,3169881096281	 -47,9389504280041	 3341,74153223457	 0,19180115540368	 0,879509329710598
77,64	 6,62	 44,35	 5,17	 4,21	 48,28	 18,1	 15,71	 15,33	 0,57	 2,01	 49,9	 13,03	 11,59	 0,77	 6,8	 8,33	 22,99	 2,24	 28,9004846834174	 -45,5112662421401	 3212,62455112346	 0,259986189374155	 0,904716166999032
39,32	 9,61	 71,46	 39,76	 8,07	 56,89	 12,01	 4,92	 22,83	 1,97	 3,74	 12,2	 12,01	 17,72	 0,39	 40,75	 6,89	 35,43	 1,6	 -25,200211858981	 -13,3915567665399	 2498,70483167901	 0,254151938911009	 0,325922638017937
23,96	 18,51	 63,92	 24,5	 8,02	 74,61	 4,9	 5,12	 11,36	 1,56	 4,01	 14,25	 15,14	 17,59	 1,78	 49,44	 14,03	 42,76	 1,97	 -44,6231240772586	 -13,4143332443358	 3709,09711167901	 0,536848495054108	 0,585362818344133
40,03	 10,83	 50,88	 27,99	 6,69	 45,77	 18,31	 7,22	 17,25	 12,5	 25,35	 8,63	 12,32	 22,36	 8,1	 20,25	 7,04	 7,75	 2,91	 4,01594039519999	 8,1903137643541	 997,498328901235	 0,0161682248385961	 0,0834177004667504
4,3	 21,51	 19,86	 43,15	 10,96	 30,82	 51,37	 3,42	 10,96	 59,59	 17,81	 0,68	 2,74	 10,27	 9,59	 2,05	 7,53	 12,33	 2,97	 5,70902440850113	 75,0697073329389	 6677,71830834568	 0,00488085273919501	 0,848800991150847
88,43	 6,02	 36,81	 10,68	 7,66	 40,95	 20,23	 9,92	 14,45	 5,53	 19,22	 24,5	 18,47	 19,1	 10,3	 8,17	 4,77	 3,39	 4,51	 47,2894050470316	 -24,8913483011555	 3434,42249612346	 0,651139407637351	 0,831542145200588
28,44	 1,83	 24,3	 49,53	 16,82	 28,04	 43,93	 2,8	 13,08	 64,49	 8,41	 0,93	 1,87	 10,28	 4,67	 0,93	 2,8	 0,93	 4,81	 28,9049236836763	 66,2738958965237	 6093,09178779012	 0,137121619410591	 0,857975568485311
11,44	 36,32	 71,88	 28,13	 4,69	 85,16	 2,34	 3,13	 7,81	 0	 0,78	 7,81	 8,59	 16,41	 0,78	 54,69	 15,63	 100	 0,78	 -89,8327423109275	 -19,9316043827891	 11830,2966800123	 0,68214025475252	 0,715720887936742
90,71	 2,14	 33,33	 16,06	 27,98	 31,63	 27,98	 5,11	 19,46	 50,36	 9,98	 3,16	 9,25	 9	 23,6	 0,73	 6,08	 1,95	 9,77	 69,5679374780932	 18,0184890439965	 6061,62398445679	 0,798416057704311	 0,851976943081089
20,87	 13,28	 36,84	 19,14	 8,95	 62,34	 17,22	 4,03	 11,48	 9,36	 31,99	 11,28	 15,93	 21,05	 8,34	 20,16	 11,28	 16,81	 2,82	 -14,8122210310099	 13,7422118181334	 1529,98613945679	 0,143401228425107	 0,26683266403373
89,46	 6,62	 48,19	 15,77	 3,04	 46,74	 13,17	 17,95	 15,92	 1,88	 7,09	 37,48	 13,46	 22,29	 5,07	 13,75	 7,53	 10,56	 2,82	 35,9568232315955	 -42,2101931666041	 3416,98146779012	 0,378372885277708	 0,899798132665518
88,82	 5,88	 52,37	 11,88	 3,63	 38,47	 18,43	 16,52	 21,45	 1,21	 4,73	 38,67	 12,39	 13,19	 1,71	 8,36	 6,45	 13,49	 2,34	 40,3278873694991	 -42,8791522789088	 3734,39274112346	 0,435502801239309	 0,927851043005845
12,18	 20,54	 23,17	 30,3	 12,12	 69,88	 17,83	 3,03	 7,84	 41,53	 35,47	 3,03	 8,2	 16,93	 23,17	 3,39	 15,51	 6,42	 2,93	 -9,05546840428111	 50,3820323317642	 4112,55380390123	 0,0199393155520897	 0,637159005047948
7,88	 23,83	 33,12	 15,18	 5,5	 83,9	 6,41	 2,09	 4,71	 8,12	 30,24	 12,57	 17,15	 33,12	 8,25	 20,16	 12,96	 33,25	 1,88	 -42,34987027399	 9,50189485697549	 3838,46327834568	 0,467247276362316	 0,490768670036278
16,07	 4,59	 21,12	 31,82	 23,8	 24,33	 56,95	 1,07	 12,83	 68,45	 13,9	 1,07	 4,55	 5,61	 9,89	 1,07	 6,95	 4,01	 4,5	 30,4516716938323	 76,6913885319527	 7657,36494945679	 0,121099662229724	 0,88919274826922
39,69	 11,02	 73,27	 33,1	 6,73	 66,02	 6,73	 5,31	 18,23	 2,3	 5,49	 11,5	 12,92	 17,52	 1,77	 51,68	 7,61	 21,06	 2,14	 -23,7287788822904	 -13,9818050047932	 3386,00519112346	 0,166288861198648	 0,224023820289835
92,86	 4,76	 32,5	 20	 21,25	 22,5	 33,75	 2,5	 22,5	 53,75	 10	 3,75	 3,75	 5	 8,75	 1,25	 1,25	 1,25	 6,51	 74,0025226721479	 20,5268661617391	 6752,57877834568	 0,811004734873072	 0,873403449238782
77,8	 3,9	 26,65	 8,12	 30,46	 46,57	 24,11	 3,81	 14,34	 47,34	 15,74	 5,58	 11,42	 15,86	 22,84	 1,4	 4,82	 2,66	 8,02	 56,8029227134908	 19,5993176492936	 4575,80194834568	 0,70513804251544	 0,78908687960547
77,88	 3,9	 37,98	 4,95	 9,96	 41,98	 24,79	 10,27	 16,8	 4,12	 10,34	 39,7	 16,49	 17,5	 3,17	 6,53	 6,98	 11,73	 3,05	 40,054909188303	 -31,1506359055131	 2805,2168705679	 0,571932875107229	 0,917846279343029
5,75	 24,71	 47,02	 18,93	 4,58	 76,18	 6,72	 2,29	 10,69	 6,56	 23,36	 8,7	 10,08	 31,6	 5,8	 24,43	 11,6	 48,4	 1,27	 -51,8010984768801	 5,72159014913681	 3726,46160279012	 0,720080894273085	 0,728865794622035
73,96	 6,03	 33,28	 4,83	 9,71	 54,17	 15,84	 10,16	 11,93	 5,34	 14,71	 37,99	 21,92	 19,93	 7,16	 8,23	 7,89	 8,97	 3,75	 32,7219966451319	 -29,0403124773237	 2497,61421834568	 0,428700740322191	 0,766358871264125
34,93	 13,7	 39,68	 5,56	 1,59	 66,27	 7,54	 18,65	 7,54	 1,19	 3,57	 58,73	 17,06	 25,4	 3,17	 9,92	 10,71	 33,33	 1,96	 -12,8101665540788	 -35,5671049599115	 3043,21232723457	 0,0539234037910067	 0,469608810920949
18,59	 11,52	 49,81	 23,1	 7,51	 54,18	 18,35	 4,28	 17,02	 8,94	 19,01	 9,7	 11,5	 23,67	 4,47	 21,2	 9,51	 26,52	 2,07	 -20,6301834763895	 9,52260113227013	 1140,38260723457	 0,373211997069637	 0,452729109790439
23,14	 16,69	 73,29	 30,65	 8,04	 66,77	 5,46	 6,07	 16,39	 1,67	 2,43	 11,68	 12,59	 17,15	 1,67	 45,98	 13,81	 54,63	 1,33	 -49,5041278009051	 -14,470817831459	 4208,56397445679	 0,582302819727162	 0,632059594242702
8,59	 38,65	 56	 28	 2	 88	 4	 2	 6	 2	 5	 10	 11	 16	 1	 56	 14	 87	 1,21	 -84,1539482996852	 -11,8249591442685	 9846,85907167901	 0,719202637396793	 0,73340307001655
23,57	 20,14	 25,79	 40,26	 8,31	 70,92	 10,89	 5,44	 9,89	 29,51	 25,21	 21,2	 14,76	 21,78	 6,02	 4,58	 10,32	 36,82	 2,84	 -23,589698441034	 18,5839036208447	 1759,88213890123	 0,316199511454983	 0,512440763158616
18,97	 7,23	 35,53	 35,18	 17,68	 35,01	 40,55	 3,81	 17,33	 48,18	 18,02	 7,11	 8,67	 10,05	 2,43	 15,94	 18,89	 26,17	 3,83	 2,60176710840511	 47,1846181560829	 2908,79219612346	 0,00232714873733503	 0,767726682434673
37,12	 14,14	 49,12	 30,59	 2,94	 70,29	 6,47	 12,35	 9,12	 1,76	 0	 52,35	 17,65	 13,82	 0	 0,59	 6,76	 67,06	 1,47	 -34,0964712364031	 -37,1591414273303	 3830,20361779012	 0,303526774758158	 0,664030269977819
24,38	 16,74	 40,65	 40,56	 9,35	 62,43	 17,2	 4,85	 10,93	 8,29	 29,28	 9,17	 15,87	 20,46	 3,53	 12,43	 13,84	 37,65	 2,74	 -28,5763440154207	 11,0198122137967	 1331,71490001235	 0,613199895323015	 0,704387777373608
90,66	 7,1	 57,7	 18,53	 3,87	 36,96	 17,38	 18,01	 21,26	 1,99	 3,87	 54,03	 11,31	 20,84	 0,1	 1,15	 9,42	 32,98	 1,95	 31,7009251719772	 -54,7584682043998	 4559,06250445679	 0,220428795564196	 0,878127574021619
40,72	 8,93	 53,02	 27,74	 7,17	 47,92	 16,6	 7,36	 18,49	 8,11	 24,72	 11,89	 16,42	 18,87	 1,13	 13,21	 12,45	 25,09	 3,07	 -4,70788958724492	 -1,44185160249534	 551,946013345679	 0,0401565077557827	 0,0439230646170538
74,77	 6,99	 48,69	 24,84	 4,9	 48,2	 12,25	 23,04	 14,05	 1,31	 3,27	 54,74	 17,81	 22,39	 0,33	 1,14	 13,07	 36,76	 2,18	 14,1202131004868	 -48,7405840450051	 3104,85784390123	 0,0642156349910814	 0,829353574466991
76,34	 5,65	 39,41	 15,1	 7,41	 44,25	 23,93	 9,21	 16,24	 7,69	 12,73	 42,07	 13,77	 22,22	 2,56	 2,28	 6,65	 37,42	 2,51	 24,5210293896365	 -33,391894724935	 2161,73312779012	 0,278147600458938	 0,793946067432976
28,37	 13,48	 43,03	 33,2	 3,69	 64,34	 6,56	 21,72	 6,97	 2,46	 2,46	 45,49	 21,31	 20,9	 0	 0,82	 11,07	 55,74	 1,66	 -33,0472384970949	 -26,1780921444767	 2809,13844779012	 0,388773993372599	 0,632725126811329
21,45	 23,09	 64,3	 58,87	 9,93	 72,81	 7,09	 8,27	 8,51	 0,47	 4,02	 10,64	 12,06	 15,6	 0,24	 9,46	 19,62	 59,1	 2,22	 -57,3030817945935	 -5,48580018352933	 4264,57624779012	 0,769981117082721	 0,777037856581565
90,38	 6,1	 46,75	 13,75	 5,5	 30	 26,5	 7,75	 22,5	 12,75	 17,25	 37,5	 14,25	 19,25	 2	 1,25	 5,25	 24	 2,85	 45,3424431934657	 -31,9000519999756	 3552,06763112346	 0,578800115385869	 0,865284896442612
37,63	 12,88	 80,61	 36,47	 5,76	 56,05	 5,76	 8,25	 25,14	 1,15	 4,22	 14,78	 16,7	 19,96	 0	 7,68	 15,55	 51,82	 1,39	 -31,945962809775	 -22,1410468987303	 2944,90263834568	 0,346546105312611	 0,51301203576088
20,58	 18,85	 76,06	 47,7	 5,85	 68,62	 4,79	 5,5	 16,31	 1,06	 3,55	 10,11	 13,12	 16,67	 0,53	 6,56	 17,38	 65,25	 1,33	 -57,07888256479	 -11,6949756498833	 4613,44028834568	 0,706197247870604	 0,735843769100514
28,02	 14,44	 43,29	 28,57	 4,18	 68,83	 11,98	 9,09	 8,37	 5,34	 8,23	 38,38	 19,62	 26,7	 0,58	 0,87	 7,65	 62,63	 1,67	 -35,6524638976105	 -20,7267022544867	 2616,00634334568	 0,485892622242185	 0,650110949708747
92,53	 6,76	 56,87	 17,56	 14,12	 27,86	 17,56	 9,92	 32,44	 20,99	 7,25	 50	 19,08	 20,23	 1,91	 4,96	 6,11	 21,76	 2,84	 47,8188093695749	 -38,3334223552718	 4600,30529223457	 0,497062343532645	 0,816487072136663
35,42	 6,25	 39,44	 27,22	 15,56	 26,11	 42,78	 3,33	 21,67	 53,33	 8,89	 5	 6,11	 14,44	 0,56	 10	 8,33	 17,22	 3,91	 24,5329881407922	 41,9222381830433	 3213,88565001235	 0,187270977458062	 0,734108745089609
7,22	 32,78	 70,25	 76,03	 4,13	 79,34	 0,83	 9,92	 7,44	 0	 4,13	 9,92	 10,74	 15,7	 0,83	 0,83	 16,53	 76,86	 1,17	 -84,2172725485128	 -2,81553363844882	 9135,30788167901	 0,776388610802565	 0,777256368055185
87,71	 5,44	 41,45	 18,26	 7,4	 42,43	 17,43	 9,21	 15,46	 13,98	 21,38	 32,07	 18,09	 21,22	 7,07	 1,97	 8,55	 17,76	 4,54	 39,6066534929343	 -26,4722002588779	 2616,91101834568	 0,599442239308936	 0,86723024647975
76,98	 4,19	 32,63	 20,37	 23,04	 45,03	 21,85	 7,19	 15,5	 38,76	 11,63	 25,02	 15,08	 16,14	 5,71	 8,1	 8,03	 20,93	 5,23	 39,7809981214598	 -0,790855645307851	 2044,48094279012	 0,774048697846945	 0,774354620312948
42,35	 12,78	 74,79	 35,6	 9,88	 63,54	 6,3	 6,98	 17,38	 2,04	 6,13	 13,29	 14,31	 13,29	 0,51	 7,33	 14,82	 47,02	 2,17	 -27,55324553159	 -19,5362980381866	 2220,90341334568	 0,341834469145336	 0,513686580652469
12,56	 27,73	 25	 61,06	 12,79	 66,24	 19,4	 4,45	 7,61	 37,93	 37,07	 2,73	 8,19	 16,24	 2,59	 15,52	 13,79	 32,9	 2,92	 -32,4950035590266	 47,5178591229739	 4270,8461005679	 0,247240296521278	 0,775928730255884
4,45	 28,01	 37,45	 69,09	 8	 58,18	 24,36	 3,27	 12,36	 32,73	 23,64	 4,73	 10,91	 19,64	 2,18	 8,73	 22,18	 45,09	 2,29	 -44,7870958256166	 42,5153827878598	 4667,88276667901	 0,429720293494016	 0,816953191993787
21,54	 21,54	 41,18	 41,5	 7,84	 61,44	 14,38	 8,82	 12,75	 18,3	 10,13	 40,52	 16,34	 20,92	 0,98	 1,96	 7,52	 55,88	 1,94	 -33,4861495696425	 -4,12355696870942	 2161,77369612346	 0,518704716877279	 0,526570351520111
25,95	 15,7	 30,91	 33,16	 4,76	 74,11	 6,08	 8,72	 7,66	 11,49	 15,46	 29,59	 19,68	 29,06	 1,45	 2,51	 8,32	 49,14	 2,17	 -32,7274070406783	 -6,57391594733773	 2056,08569723457	 0,520933136710618	 0,541951896259788
81,44	 4,42	 42,06	 18,03	 18,34	 40,99	 24,65	 9,09	 17,72	 23,42	 7,86	 41,91	 15,87	 17,26	 2,16	 7,09	 7,86	 34,67	 3,13	 34,0567751694665	 -25,2970974202209	 2362,70712667901	 0,490904658409305	 0,76175631440259
21,23	 15,08	 52,38	 36,65	 7,35	 55,32	 17,76	 4,75	 17,08	 5,43	 23,64	 8,03	 12,1	 22,4	 1,24	 11,99	 13,8	 49,89	 1,92	 -34,6674300030413	 4,89009643636124	 1740,1766155679	 0,690637198698109	 0,704378932119293
6,01	 28,08	 53,24	 56,99	 3,97	 75,16	 7,52	 5,01	 7,31	 3,76	 20,46	 5,43	 11,27	 32,99	 2,09	 6,89	 12,11	 68,48	 1,4	 -70,7671149988998	 7,12902874146597	 5843,42092279012	 0,857029577611925	 0,865727060040143
92,36	 5,14	 37,15	 21,98	 22,29	 34,06	 25,08	 5,42	 19,97	 41,02	 9,29	 23,99	 16,25	 14,86	 5,57	 9,13	 7,74	 12,07	 6,81	 57,0655893450049	 -3,87404765284919	 3834,67530223457	 0,84921961590727	 0,853133440164516
26,75	 9,21	 27,26	 38,23	 26,5	 44,58	 32,57	 3,66	 14,42	 54,8	 24,22	 3,66	 8,7	 9,04	 4,97	 21,05	 13,87	 16,56	 4,94	 9,19267677860992	 53,1021577131377	 3250,16840779012	 0,026000285447809	 0,893598145002487
88,04	 7,53	 54,22	 24,13	 4,94	 40,99	 13,81	 14,24	 23,26	 4,07	 4,65	 46,08	 13,23	 23,26	 0,44	 0,87	 11,63	 28,49	 2,78	 28,9412546528019	 -46,8387881516312	 3470,3714555679	 0,241356359571964	 0,873528478205985
71,39	 6,97	 36,06	 19,88	 8,85	 54,42	 16,43	 7,75	 13,56	 12,55	 14,83	 37,57	 16,09	 22,75	 3,71	 3,29	 10,19	 31,09	 3,44	 18,7249125468772	 -25,3914081090872	 1323,54602279012	 0,264911339576287	 0,752029728102814
36,11	 6,94	 58,96	 23,13	 7,84	 41,79	 19,78	 8,21	 21,27	 7,09	 19,4	 10,45	 11,57	 18,66	 0,37	 14,18	 11,94	 36,57	 1,88	 -9,37333331883164	 -3,0978325984864	 966,671887790124	 0,0908885203093799	 0,100815949594805
9,93	 39,07	 66,3	 84,78	 5,43	 79,35	 0	 8,7	 8,7	 0	 5,43	 9,78	 15,22	 21,74	 3,26	 1,09	 10,87	 66,3	 1,72	 -80,4910483171488	 0,55130178948592	 8920,92482834568	 0,726248565463478	 0,726282635211732
8,18	 26,59	 33,44	 53,93	 4,43	 83,44	 5,74	 2,3	 6,72	 6,72	 25,9	 6,56	 16,07	 30,82	 2,13	 10,33	 13,93	 51,97	 1,95	 -60,7708188844316	 14,1832798273203	 4809,39081001235	 0,767891937622535	 0,809719569147359
42,67	 5,68	 35,92	 31,84	 21,36	 36,7	 30,87	 5,24	 21,36	 56,31	 14,95	 7,77	 8,16	 6,8	 2,14	 20,58	 16,89	 13,01	 5,6	 24,3309525236501	 39,7493953425575	 2800,87417945679	 0,211360886915287	 0,77547563426369
80	 7,51	 48,42	 18,57	 3,69	 48,95	 16,35	 16,98	 15,51	 2,43	 2,74	 55,59	 14,66	 16,24	 0,21	 0,74	 6,86	 45,99	 1,93	 16,6425793475846	 -52,0998800997612	 3638,26381501235	 0,0761284671545206	 0,822197923473009
87,31	 6,95	 43,34	 18,83	 6,49	 41,56	 17,69	 7,95	 17,05	 14,29	 19,16	 27,6	 14,29	 23,38	 6,17	 2,27	 9,9	 18,18	 3,64	 38,2493713094901	 -24,5967161863458	 2456,97496890124	 0,595453524797408	 0,841690647604647
88,06	 5,97	 38,55	 23,49	 20,53	 34,27	 24,96	 7,68	 20,83	 42,25	 11,37	 21,86	 13,88	 17,73	 4,73	 11,67	 11,67	 11,37	 5,88	 52,9374920199803	 -0,44682031934859	 3379,11699334568	 0,82932259134089	 0,829381674349314
86,07	 8,83	 55,37	 30,71	 5,75	 40,39	 15,43	 16,79	 20,12	 2,72	 5,6	 48,11	 14,52	 25,26	 0,76	 1,06	 18,31	 28,29	 2,25	 25,1078857555064	 -46,1503498256007	 3494,62459501235	 0,180393032204747	 0,789859008053806
32,82	 18,58	 50,63	 43,44	 2,19	 63,13	 9,69	 18,75	 7,5	 2,19	 0,31	 49,38	 17,81	 17,81	 0	 0,31	 14,69	 58,75	 1,26	 -35,510970334883	 -29,118967963144	 3258,39795612346	 0,387008901646009	 0,647233191820613
71,16	 9,56	 38,63	 24,69	 7,99	 54,8	 14,92	 9,06	 13,77	 10,48	 16,25	 37,66	 18,29	 24,87	 3,91	 3,64	 11,19	 32,5	 3,02	 14,4475706830673	 -27,140861394973	 1298,74856167901	 0,160718021025086	 0,727899674961879
75,42	 6,82	 33,91	 26,67	 21,09	 44,78	 22,32	 8,77	 16,45	 37,25	 11,74	 28,33	 15,72	 16,38	 5,22	 7,75	 11,45	 20,8	 4,54	 36,0513211920388	 -1,75739351290371	 1756,63538334568	 0,73987907337728	 0,741637225346936
34,78	 7,73	 38,22	 28,27	 17,8	 32,98	 35,08	 8,38	 16,75	 46,6	 12,04	 12,57	 10,99	 13,09	 1,05	 14,14	 14,66	 27,23	 2,7	 13,094067489265	 31,1574872995329	 1783,73814834568	 0,096120948902978	 0,640365077852572
23,9	 22,33	 46,56	 46,96	 4,05	 53,04	 17,41	 9,31	 15,38	 19,03	 5,26	 43,72	 15,79	 24,7	 0,81	 2,83	 10,12	 49,8	 1,76	 -28,749000944345	 -5,34215955019513	 2077,23011723457	 0,397888057004624	 0,411626866404198
71,97	 12,6	 48,83	 36,4	 6,67	 51,17	 12,61	 21,8	 12,25	 1,08	 2,34	 54,05	 16,58	 20,72	 0,36	 1,8	 16,76	 41,08	 1,87	 5,0612742665394	 -45,3489612117709	 2977,79184612346	 0,00860251438813026	 0,699224421243013
44,73	 6,46	 36,55	 33,45	 20,36	 37,82	 29,09	 6,55	 19,82	 55,64	 14,91	 6,18	 9,82	 7,64	 1,27	 26	 17,82	 12	 4,48	 23,0950000065808	 38,256932790645	 2812,2897955679	 0,189660050733235	 0,710087536141928
24,6	 20,24	 53,23	 57,71	 5,47	 58,71	 6,97	 25,87	 7,46	 2,49	 1	 43,28	 16,92	 26,37	 0	 0,5	 21,89	 50,25	 1,37	 -41,2996094656203	 -19,1574939903423	 3729,66966390123	 0,457321397259787	 0,555724100196783
91,07	 5,84	 51,09	 25,55	 13,14	 30,29	 24,09	 13,14	 25,55	 22,99	 11,68	 50	 20,8	 17,15	 0,73	 6,57	 14,23	 24,45	 3,05	 44,222242653457	 -32,6385022842764	 3938,11914723457	 0,496583945834777	 0,767086637991455
42,26	 13,57	 46,88	 34,61	 8,65	 45,47	 20,72	 6,04	 18,11	 13,68	 28,37	 12,07	 15,49	 15,9	 2,62	 14,69	 16,5	 21,33	 2,74	 -0,786375370634657	 7,02000032891926	 580,482877234568	 0,00106529623489809	 0,085960831574027
25,71	 23,44	 68,4	 67,41	 9,88	 72,1	 4,94	 7,41	 10,62	 0,49	 5,43	 12,59	 14,81	 17,04	 0,25	 7,65	 29,14	 59,01	 1,79	 -58,212991399107	 -7,99300778877989	 5083,4246855679	 0,666627830103068	 0,679195769526441
77,99	 5,39	 44,22	 19,11	 14,02	 39,45	 22,8	 10,48	 19,57	 24,04	 6,78	 44,38	 14,64	 20,49	 2	 6,78	 9,71	 31,59	 2,56	 32,2499436888328	 -25,4704171576723	 2159,97272723457	 0,481514814895132	 0,781862195214344
44,18	 10,69	 76,96	 43,21	 8,75	 59,11	 6,43	 11,79	 17,32	 1,43	 5,36	 15	 16,96	 13,93	 0,89	 9,11	 25,54	 45,18	 1,94	 -27,3396674940144	 -20,7787577570932	 2603,87093223457	 0,287056247462243	 0,452869678759101
27,71	 10,4	 26,89	 41,97	 24,84	 45,58	 32,98	 3,89	 14,3	 53,15	 26,54	 2,97	 7,08	 9,55	 5,59	 21,02	 18,05	 17,34	 4,34	 7,02442705372292	 53,0704189975604	 3263,74845834568	 0,0151183757151693	 0,878073780680485
35,47	 16,04	 81,1	 35,03	 5,52	 55,41	 8,49	 8,07	 22,51	 1,27	 4,25	 12,74	 13,59	 16,99	 0,21	 7,43	 12,74	 51,38	 1,23	 -32,4320007982029	 -19,1140000586038	 2877,24270779012	 0,365570368091227	 0,492547837614786
6,45	 31,18	 54,24	 64,96	 2,68	 77,23	 7,59	 4,24	 8,04	 4,91	 20,76	 7,81	 10,27	 29,69	 3,13	 7,37	 13,62	 72,99	 1,26	 -75,6289595194728	 7,18242123806513	 6775,28569945679	 0,844206395378521	 0,851820417447752
23,49	 17,05	 39,53	 40,37	 7,85	 65,7	 15,61	 4,58	 9,53	 8,22	 30,84	 8,22	 12,52	 21,5	 3,27	 14,77	 17,29	 39,63	 2,4	 -32,329132477533	 11,2759092132952	 1652,8994805679	 0,632326901325408	 0,709249987139913
33	 11,11	 54,55	 26,14	 4,17	 32,58	 30,3	 8,33	 20,83	 9,85	 28,79	 9,47	 10,98	 18,94	 1,14	 11,74	 13,26	 28,41	 2,02	 -2,8127519517021	 8,05279208995628	 1386,17987779012	 0,00570746529261179	 0,0524888834065752
19,61	 19,42	 56,46	 44,47	 6,75	 55,3	 16,18	 6,87	 16,53	 5,24	 22,82	 8,03	 11,64	 22,47	 1,51	 9,43	 15,6	 50,64	 1,71	 -39,7581137024399	 5,46563390919505	 2186,8894705679	 0,722810926866669	 0,736471038377281
18,83	 8,39	 34,89	 36,27	 17,27	 29,19	 45,42	 4,84	 16,06	 53,71	 12,95	 7,6	 8,46	 9,15	 1,04	 17,79	 18,48	 23,32	 3,37	 7,37638463466937	 51,6152497944894	 3766,82851501235	 0,014444790906126	 0,721706616266605
78,51	 9,68	 50,88	 25,56	 3,89	 49,59	 14,61	 21,67	 12,72	 2,24	 1,88	 59,01	 12,01	 14,72	 0	 0,71	 10,95	 47,23	 1,58	 11,776234418926	 -52,9917370122806	 3895,57506779012	 0,0355992875701836	 0,756449006215626
13,45	 42,86	 63,24	 102,94	 4,41	 80,88	 2,94	 1,47	 13,24	 0	 7,35	 10,29	 11,76	 26,47	 0	 1,47	 25	 67,65	 1,58	 -85,42237537138	 4,04765462932415	 11507,5746700123	 0,63410253014514	 0,635526245260453
90,54	 9,26	 60,76	 23,65	 4,15	 33,63	 18,16	 19,96	 23,21	 2,58	 3,92	 53,48	 10,87	 19,73	 0,22	 1,79	 10,54	 31,39	 1,68	 31,6078337633334	 -53,0366945895449	 4648,88212390123	 0,214902234254142	 0,819970484645518
24,54	 19,12	 34,05	 37,32	 3,85	 71,08	 9,4	 9,12	 7,41	 6,27	 12,82	 33,62	 15,24	 31,48	 1,85	 2,71	 12,54	 50,85	 1,79	 -36,5239432549607	 -9,88984638487854	 2229,77284279012	 0,598266516342694	 0,642131550322616
77,57	 7,83	 41,98	 17,64	 7,74	 41,32	 26,6	 10,57	 15,09	 5,47	 15	 41,98	 15,38	 21,51	 2,74	 2,64	 6,13	 37,45	 2,18	 24,7283332637136	 -34,1463191219745	 2285,77235001235	 0,267520283022926	 0,777619685342421
9,71	 37,71	 80,73	 97,25	 3,67	 80,73	 0	 11,93	 6,42	 0	 0,92	 10,09	 12,84	 7,34	 0,92	 0	 25,69	 80,73	 1,18	 -93,5449961831426	 -3,51331541323068	 13260,5532494568	 0,659902052824427	 0,660832887681815
11,99	 29,56	 38,49	 63,83	 3,87	 80,46	 6,58	 4,64	 6,19	 7,74	 29,59	 6,19	 12,38	 34,04	 1,74	 8,7	 17,99	 56,67	 1,71	 -63,4310629443114	 13,9664472454887	 5469,26030445679	 0,735657021657302	 0,771322109402727
24,61	 23,28	 29,25	 50,94	 8,96	 64,47	 14,47	 9,43	 7,7	 28,93	 22,17	 25,31	 15,57	 19,18	 4,56	 4,72	 14,15	 34,91	 2,51	 -23,3187375864066	 18,4028669422892	 1724,75338945679	 0,315270302379257	 0,51162620680352
21,85	 21,08	 77,39	 53,61	 6,24	 68,62	 5,26	 6,24	 15,2	 0,97	 2,14	 9,16	 9,55	 15,59	 0,39	 5,26	 19,88	 65,11	 1,34	 -58,3423716366245	 -10,5486831105277	 5050,8106805679	 0,673918018998742	 0,695949079437108
5,41	 28,53	 37,39	 68,49	 11,76	 49,16	 36,55	 5,46	 7,98	 44,54	 16,39	 4,2	 3,78	 17,23	 1,68	 13,45	 20,59	 43,7	 1,92	 -35,2149296869084	 52,5930035457308	 5251,75590890123	 0,236128886103039	 0,762814449930006
12,03	 27,63	 24,1	 66,92	 11,23	 67,37	 19,16	 4,04	 7,19	 37,13	 37,43	 2,1	 9,13	 15,12	 3,44	 13,47	 19,31	 33,68	 2,52	 -35,515667304271	 48,6963274681286	 4861,31527279012	 0,259469413787622	 0,747265858950539
27,24	 18,89	 42,69	 37,01	 3,43	 62,39	 14,33	 10,9	 8,06	 4,48	 6,87	 40,75	 17,46	 23,88	 0,9	 0,75	 9,4	 60,15	 1,46	 -35,2901483965708	 -18,3341754636079	 2474,39982612346	 0,503311777144399	 0,639159664935832
94,27	 6,92	 52,56	 20,77	 7,44	 25,13	 25,13	 11,28	 26,15	 10,51	 18,46	 41,54	 10,51	 21,03	 2,05	 2,05	 9,49	 21,28	 2,53	 47,169712135068	 -35,6202445092853	 4308,07676834568	 0,516467524268278	 0,810984518074889
23,09	 24,49	 78,31	 61,57	 6,2	 63,02	 6,2	 10,33	 16,12	 0,83	 4,13	 10,33	 10,33	 15,5	 0,21	 4,55	 22,31	 61,36	 1,09	 -56,6087392195178	 -8,98544326328008	 5157,53339501235	 0,621333709467081	 0,636988128828806
91,54	 9,48	 56,42	 25,68	 2,48	 37,5	 17,68	 21,96	 19,48	 2,82	 3,6	 53,94	 13,51	 17,57	 0,11	 1,24	 13,4	 34,91	 1,41	 28,905699646649	 -53,9317688604016	 4578,12601279012	 0,182506875024409	 0,817840128037933
18,07	 9,98	 33,27	 38,03	 17,08	 36,97	 40,67	 4,4	 14,79	 53,35	 14,44	 6,16	 6,34	 10,39	 1,76	 19,01	 17,25	 30,11	 2,82	 -0,653364536520678	 50,4086250964357	 3330,11460945679	 0,000128189347108541	 0,76317384456181
86,82	 7,53	 45,37	 20,56	 6,67	 39,44	 18,33	 9,63	 20,93	 16,11	 16,85	 30	 15,74	 20,56	 4,44	 3,33	 11,11	 19,26	 3,03	 38,1586230258459	 -25,2073773528159	 2411,39678667901	 0,603832815599768	 0,867336473113696
7,79	 27,35	 34,62	 59,31	 4,45	 82,59	 6,88	 3,24	 5,47	 6,68	 25,51	 7,49	 15,79	 31,78	 1,62	 6,48	 16,19	 60,93	 1,39	 -65,9796627380761	 13,1323812660936	 5634,66321223457	 0,772595580438223	 0,803202456345834
91,71	 6,45	 48,28	 17,73	 5,42	 31,28	 24,88	 11,58	 21,92	 11,33	 14,78	 39,9	 12,32	 23,15	 1,48	 2,46	 10,59	 27,09	 2,13	 41,5513542159136	 -35,9729469477347	 3568,88354834568	 0,483768947287908	 0,846362148936188
29,78	 18,58	 44,82	 40,29	 3,56	 68,28	 12,3	 8,74	 9,06	 5,5	 5,99	 34,95	 15,53	 27,67	 0,81	 1,46	 12,62	 63,43	 1,22	 -39,4756746138904	 -17,8951582884385	 2675,5567255679	 0,58243163799526	 0,702121378492276
5,48	 34,58	 39,65	 89,87	 9,69	 50,22	 30,84	 8,37	 10,57	 43,61	 16,74	 2,2	 6,17	 18,5	 1,32	 12,33	 25,55	 45,37	 1,65	 -45,3165334841178	 54,1403956614581	 7589,07892001235	 0,270597819400965	 0,656834736064162
27,85	 9,39	 28,65	 41,66	 25,66	 45,9	 32,75	 2,99	 15,3	 52,92	 23,64	 4,73	 8,83	 8,48	 4,87	 22,67	 17,39	 19,54	 3,65	 5,96348688483783	 50,5691746603327	 3052,71639667901	 0,0116496821861085	 0,849343425571249
70,56	 11,68	 51,15	 39,27	 5,17	 46,74	 13,98	 20,11	 16,86	 2,87	 2,11	 53,64	 17,43	 20,31	 0,77	 0,57	 18,77	 36,02	 1,62	 7,89565328376292	 -41,9007287981343	 2830,02605167901	 0,02202853953956	 0,64240129998577
47,86	 8,4	 35,29	 36,85	 17,99	 36,85	 32,7	 4,15	 19,38	 53,46	 19,38	 7,09	 9,69	 7,44	 3,11	 22,66	 18,17	 12,63	 3,75	 24,4693996789241	 37,8969896560128	 2702,73839890123	 0,221535136693343	 0,752915393684476
7,08	 31,54	 58,43	 70,56	 2,92	 75,06	 7,19	 6,07	 8,09	 4,04	 15,06	 7,87	 13,03	 29,66	 0,67	 7,19	 16,4	 70,56	 1,06	 -76,300330813345	 5,59439622694301	 6972,53771112346	 0,834952885652855	 0,839441533895532
19,79	 19,32	 55,72	 46,38	 7,01	 53,86	 19,74	 6,89	 14,84	 5,84	 22,66	 8,76	 9,7	 20,21	 2,1	 12,62	 17,41	 48,83	 1,42	 -38,3147862736882	 7,66960591192884	 2099,70597223457	 0,699156389804469	 0,727171195506857
26,71	 25,98	 33,77	 58,65	 10,21	 63,76	 12,69	 6,59	 13,34	 33,28	 18,62	 21,75	 11,04	 23,23	 2,47	 4,78	 16,14	 36,08	 2,09	 -25,0340884937745	 21,1867135640578	 2084,64464667901	 0,30062945630207	 0,51595480317139
87,71	 8,6	 56,13	 28,57	 2,86	 42,52	 12,27	 17,14	 22,35	 3,03	 3,03	 47,39	 13,78	 23,03	 1,68	 2,18	 16,13	 29,08	 1,92	 24,975560636827	 -48,7971898463569	 3628,75472279012	 0,17189881289199	 0,828092443711584
32,98	 18,23	 59,34	 43,93	 2,3	 61,64	 7,87	 20,66	 8,2	 1,31	 0,66	 47,54	 12,46	 19,02	 0	 0	 14,43	 60,33	 1,05	 -37,6381698733217	 -31,0131333905702	 3529,96621223457	 0,40131597478273	 0,673787263422189
22,85	 24,63	 51,97	 59,84	 7,09	 56,69	 12,2	 12,99	 12,99	 20,08	 8,27	 44,09	 17,72	 22,83	 0,79	 1,97	 20,47	 52,36	 1,43	 -37,7023790325512	 -4,49202990035336	 3141,99791445679	 0,45240939791009	 0,458831532225592
23,85	 18,42	 42,34	 46,37	 8,06	 65,63	 14,92	 4,03	 10,99	 8,17	 28,93	 11,19	 15,22	 18,75	 3,02	 14,01	 19,56	 42,84	 1,99	 -35,6073938393356	 9,19919665678293	 1787,66674390123	 0,709240970306716	 0,756579334360794
13,63	 28,79	 27,16	 65,9	 10,96	 68,98	 18,67	 2,62	 8,33	 35,19	 32,72	 3,24	 8,49	 16,98	 3,24	 11,11	 16,98	 38,73	 2,12	 -37,8605565336558	 43,4882106888141	 4394,12525723457	 0,326213218132127	 0,756611615583574
91,19	 5,29	 41,4	 24,65	 20,93	 32,25	 22,17	 5,43	 24,5	 38,45	 10,85	 27,75	 17,21	 15,97	 3,72	 9,3	 11,78	 12,4	 5	 53,9783870841902	 -7,83219163252233	 3620,89112445679	 0,804682099533655	 0,821623571580196
25,74	 24,68	 70,9	 72,03	 11,86	 72,03	 3,95	 5,37	 15,54	 1,69	 1,69	 11,02	 11,86	 18,08	 1,13	 7,06	 32,49	 64,97	 1,46	 -62,2203551501164	 -7,54229168574398	 6251,87625279012	 0,619233720961587	 0,628332775640965
5,88	 42,86	 64,71	 107,35	 5,88	 76,47	 2,94	 10,29	 8,82	 0	 2,94	 16,18	 19,12	 20,59	 0	 4,41	 22,06	 66,18	 1,41	 -88,8907204267371	 4,41159906500341	 12196,4383461235	 0,647858001962991	 0,649453730630493
39,37	 12,79	 73,9	 43,05	 8,95	 65,14	 7,24	 5,52	 18,48	 1,14	 5,71	 14,67	 15,24	 13,9	 0,38	 8,95	 23,62	 51,05	 1,64	 -34,6174200023855	 -18,5247781448308	 2704,66108167901	 0,443074282297002	 0,569954284985608
76,88	 6,04	 43,1	 22,26	 13,64	 38,24	 24,92	 9,72	 21,16	 24,14	 7,99	 42,95	 18,18	 18,81	 1,57	 6,43	 9,87	 32,92	 2,12	 31,0918887329858	 -23,171998555735	 2051,25534612346	 0,471275088599422	 0,733037485992665
39,12	 10,44	 48,42	 28,85	 9,88	 47,83	 21,74	 7,11	 16,01	 10,47	 31,62	 12,06	 14,23	 15,81	 2,17	 13,83	 14,03	 26,68	 2,27	 -4,37967101226176	 4,81220733885362	 623,54937945679	 0,0307618270622867	 0,0678997671117024
91,08	 5,2	 53,33	 20,78	 11,76	 27,84	 21,57	 13,33	 26,27	 27,45	 5,1	 46,27	 16,47	 18,04	 1,18	 6,27	 12,94	 23,92	 2,46	 46,8026934536593	 -31,1387040115776	 4035,70908834568	 0,542777506149516	 0,783037362916869
36,6	 4,68	 40,63	 20,98	 12,5	 31,25	 38,84	 6,25	 17,41	 44,2	 15,18	 12,95	 12,95	 9,38	 1,34	 13,84	 11,61	 24,11	 2,23	 18,3172122823147	 28,3591703717794	 1899,23877834568	 0,176660391321429	 0,600115595240622
75,96	 8,3	 55,1	 27,15	 3,13	 45,13	 16,94	 22,16	 14,15	 2,44	 1,62	 54,18	 12,88	 17,29	 0,35	 0,7	 13,69	 43,97	 1,33	 12,1603703095676	 -49,0832771093516	 3403,88851667901	 0,0434428464214471	 0,751212234281393
9,76	 30,49	 78,95	 80,7	 5,26	 75,44	 1,75	 11,4	 7,89	 0,88	 5,26	 11,4	 12,28	 13,16	 0	 3,51	 28,95	 71,93	 0,99	 -82,0240558220789	 -3,56959440389489	 9369,07074112346	 0,718101711408015	 0,71946171866598
40,25	 16,34	 78,78	 42,65	 5,88	 59,03	 7,14	 8,19	 22,48	 0,42	 3,15	 13,66	 12,82	 14,08	 0	 7,56	 19,12	 55,88	 1,05	 -35,1486485334987	 -21,5413500257879	 3235,30561667901	 0,38185804993581	 0,52528492081357
35,18	 8,79	 58,21	 26,79	 7,14	 35,71	 26,43	 8,57	 20,36	 9,64	 21,79	 13,93	 10	 20	 0,71	 12,14	 13,21	 29,64	 1,7	 -3,79211557324155	 2,07660502783972	 977,795372234568	 0,0147066972591187	 0,0191169128973808
32,64	 19,25	 50,78	 54,92	 2,07	 63,21	 7,77	 17,62	 10,36	 2,59	 1,55	 38,34	 17,1	 31,09	 0	 0	 21,76	 54,92	 1,1	 -39,3415697593397	 -21,8573722883397	 3256,9038455679	 0,475224073082547	 0,621910848622823
78,93	 6,69	 40,89	 18,6	 5,91	 40,6	 25,97	 11,53	 14,92	 6,69	 12,69	 41,76	 14,15	 21,71	 2,81	 2,03	 8,72	 37,11	 1,81	 25,9412289035768	 -34,1999681366956	 2354,74564390123	 0,285783459785007	 0,782498603342164
76,36	 6,49	 31,53	 26,67	 21,6	 46,25	 23,75	 6,74	 15,56	 36,74	 14,24	 26,6	 14,17	 15,49	 5,14	 8,89	 10,28	 21,11	 3,8	 36,4314006654914	 -0,142049984794054	 1816,69626612346	 0,730582750236893	 0,730593857320976
71,62	 8,92	 38,15	 24,81	 8,21	 53,73	 15,95	 8,68	 14,93	 9,05	 15,95	 35,63	 17,16	 24,35	 3,17	 3,36	 12,22	 33,58	 2,54	 14,5765751150879	 -26,9034083373004	 1292,24511945679	 0,164424333190841	 0,724529664033783
24,94	 19,87	 36,65	 46,29	 7,11	 70,14	 7,42	 9,79	 9,64	 11,69	 13,9	 28,91	 16,43	 28,75	 2,53	 2,21	 15,32	 49,13	 1,47	 -36,8333697652655	 -3,1162238837171	 2064,29188445679	 0,657221557900852	 0,6619257624596
91,29	 3,87	 49,66	 16,11	 16,11	 26,85	 26,51	 10,07	 27,18	 26,17	 8,39	 43,96	 19,8	 16,11	 1,34	 9,73	 7,38	 20,13	 2,71	 52,1502979278563	 -27,8458256992028	 4103,31745890124	 0,662793849416765	 0,851760464024745
88,78	 4,54	 38,71	 22,99	 20,48	 36,33	 22,59	 6,74	 21,66	 40,42	 8,19	 24,17	 14,93	 15,59	 3,43	 10,17	 8,72	 11,23	 4,91	 52,8434228319233	 -4,17386661298153	 3339,09949279012	 0,836281561128357	 0,841498884703344
26,06	 17,13	 29,27	 38,25	 12,2	 68,29	 12,32	 4,88	 10,01	 27,98	 21,18	 21,57	 14,25	 20,41	 2,82	 4,24	 10,14	 31,71	 1,9	 -18,0288466526742	 16,660036385292	 1179,64885612346	 0,2755390385354	 0,510826692923806
40,89	 8,74	 49,69	 27,9	 8,35	 45,42	 21,79	 6,52	 18,53	 9,78	 29,94	 13,65	 16,7	 17,72	 3,05	 14,87	 14,66	 20,37	 2,28	 0,332904312197507	 3,07991485443389	 658,272353901235	 0,000168357793583297	 0,0145786173986613
89,44	 4,95	 39,76	 13,54	 7,29	 40,45	 19,62	 5,38	 18,58	 14,76	 20,31	 27,95	 14,58	 23,09	 3,47	 3,82	 5,9	 17,19	 3,13	 43,3885845596683	 -24,8221675621548	 2871,00645167901	 0,6557175338253	 0,870325202896667
5,75	 31,69	 60,82	 68,75	 3,61	 78,37	 4,09	 6,25	 8,89	 4,57	 17,55	 4,33	 10,1	 26,92	 0,96	 8,89	 16,11	 69,71	 0,93	 -78,3916791572606	 7,28706886675046	 7209,8300505679	 0,852343996736905	 0,859709131878277
38,79	 6,62	 74,61	 32,68	 11,02	 62,8	 8,46	 8,07	 16,34	 1,57	 5,31	 14,76	 16,73	 12,99	 0,39	 8,27	 19,69	 38,19	 1,51	 -23,7709374703464	 -17,3556989907161	 1963,35534279012	 0,287801935749499	 0,441223112696652
27,33	 14,93	 36,68	 34,33	 7,84	 72,88	 8,78	 5,49	 10,19	 10,34	 13,48	 29	 17,4	 32,13	 0,78	 2,51	 11,29	 48,43	 1,43	 -32,0173221739711	 -7,37395008673142	 1767,75101834568	 0,579894401730393	 0,610653903106606
78,06	 5,4	 48,95	 18,41	 4,08	 47,79	 17,83	 19,93	 12	 2,1	 1,63	 52,21	 13,4	 15,97	 0	 1,17	 9,79	 44,64	 1,35	 16,3037802482622	 -49,5620517772174	 3364,21060112346	 0,079012072042951	 0,809167602599594
25,68	 20,91	 67,82	 60,63	 10,06	 71,55	 5,17	 8,05	 10,92	 1,44	 4,31	 13,51	 14,66	 16,38	 0,57	 8,33	 23,56	 60,63	 1,31	 -55,579556038903	 -9,5922523784919	 4382,0702455679	 0,704937820795071	 0,725935043691199
17,82	 21,78	 39,24	 44,94	 8,23	 66,14	 12,34	 7,91	 12,66	 14,56	 11,39	 38,29	 17,72	 26,58	 0,63	 3,8	 11,39	 57,91	 1,29	 -41,4502533615221	 -3,86609218313169	 2667,72590890123	 0,644040490817147	 0,649643266094248
9,09	 34,27	 72,34	 81,91	 3,19	 77,66	 1,06	 13,83	 5,32	 0	 2,13	 10,64	 17,02	 15,96	 0	 3,19	 23,4	 75,53	 0,81	 -85,3116405485339	 -4,46632402539888	 9754,41468167901	 0,746131495388659	 0,748176523301745
24,79	 12,63	 43,04	 33,82	 9,01	 60,42	 16,44	 4,29	 12,77	 8,27	 26,39	 8,38	 11,94	 22,51	 3,25	 12,25	 13,93	 36,54	 1,89	 -25,173042542713	 9,1823645471622	 1064,96502723457	 0,595026178937298	 0,674198561617251
8,93	 39,29	 58,82	 100	 4,41	 79,41	 0	 8,82	 8,82	 1,47	 2,94	 16,18	 19,12	 22,06	 0	 0	 25	 75	 1,03	 -88,4467791053221	 0,76060080011717	 11595,5303644568	 0,674642080890461	 0,674691971974262
24,99	 7,73	 29,46	 36,96	 24,39	 45,65	 30,39	 3,56	 15,38	 51,84	 24,33	 4,69	 8,07	 10,13	 3,75	 22,08	 14,51	 17,51	 3,41	 5,87146357076425	 49,7840210651055	 2855,1252305679	 0,012074456172262	 0,880144524299497
32,88	 16,67	 45,41	 38,92	 3,24	 60	 8,11	 23,24	 7,03	 2,7	 1,62	 41,08	 18,38	 27,57	 0	 0	 15,14	 54,59	 1,13	 -31,2978685852334	 -25,0349246674772	 2583,66309445679	 0,379134795120992	 0,621715747123183
39,73	 7,03	 58,43	 22,38	 6,1	 36,92	 22,67	 10,17	 21,51	 10,76	 20,06	 13,37	 12,79	 20,93	 0	 11,63	 11,92	 28,49	 1,62	 0,0786208958306423	 -1,99633089791095	 875,829386123457	 7,05759062112744e-06	 0,00455741536246251
10,74	 23,99	 39,29	 49,23	 4,64	 79,91	 5,96	 5,08	 6,4	 5,96	 26,49	 7,95	 18,32	 32,23	 1,32	 7,28	 10,6	 49,67	 1,28	 -55,6962191990194	 9,90224196860994	 3983,99622390123	 0,778632473207415	 0,803244543725113
33,51	 11,53	 54,55	 33,33	 3,03	 63,33	 8,48	 19,7	 7,88	 1,82	 1,21	 44,24	 16,67	 17,88	 0	 0,61	 14,85	 61,21	 0,95	 -33,4793306331572	 -30,9917983700477	 2992,6939655679	 0,374533979264251	 0,695479447548185
39,44	 4,78	 38,49	 25,94	 15,48	 26,78	 41	 6,28	 20,08	 52,3	 10,46	 9,62	 7,95	 10,46	 0,84	 15,48	 12,97	 18,83	 3,04	 25,4870124202149	 36,4707508762413	 2826,2072155679	 0,229844364747919	 0,700480651482322
76,02	 7,64	 47,88	 24,23	 5	 50,96	 11,54	 19,04	 15,38	 2,31	 3,27	 45,77	 19,23	 25,38	 0	 1,35	 11,73	 42,31	 1,48	 11,0561906528182	 -46,3147062797397	 2699,08603501235	 0,0452891646156456	 0,840021896345239
90,23	 4,94	 58,08	 18,87	 3,16	 32,54	 19,66	 20,79	 23,16	 2,37	 4,41	 52,32	 11,86	 19,55	 0,23	 1,02	 11,19	 29,49	 1,45	 35,2555029015884	 -52,3316393088517	 4651,4447105679	 0,267218157408164	 0,855981572467094
3,57	 26,95	 39,11	 65,33	 7,11	 58,22	 26,22	 2,67	 9,78	 35,11	 20,89	 8	 6,22	 20,89	 1,78	 9,33	 17,78	 49,33	 1,29	 -45,2497261746067	 41,0416805442542	 4512,73727445679	 0,453724113403734	 0,826983055693781
77,02	 3,12	 43,63	 18,01	 16,4	 40,41	 23,72	 11,27	 19,03	 22,99	 8,64	 47	 15,96	 15,96	 1,46	 6,88	 9,66	 34,11	 2,27	 31,5762811352561	 -26,5737498169416	 2281,72480223457	 0,436977118956797	 0,746464125734229
90,8	 4,09	 50,11	 15,57	 8,74	 29,85	 23,24	 12,15	 24,52	 11,94	 15,35	 39,45	 11,94	 22,81	 1,28	 2,56	 7,25	 24,31	 2,13	 44,1347926977305	 -35,0785010469275	 3645,00133167901	 0,534397589801259	 0,871983539360428
21,95	 17,25	 79,79	 45,89	 6,95	 62,74	 5,26	 11,58	 15,58	 1,26	 2,11	 12,84	 13,68	 14,53	 0	 4	 18,53	 59,58	 0,97	 -50,6543412700095	 -13,4715820817577	 4195,6754505679	 0,61154927728056	 0,654804177694978
72,24	 7,03	 35,98	 19,43	 6,6	 55,41	 14,64	 6,22	 15,41	 11,48	 17,22	 36,56	 18,66	 24,31	 3,25	 3,06	 9	 32,82	 2,37	 17,3425134129042	 -27,1658028313055	 1464,40985723457	 0,205381553525411	 0,709325746350628
77,89	 4,21	 41,67	 14,29	 6,78	 44,41	 23,35	 11,17	 15,84	 8,61	 13,46	 42,03	 11,72	 21,52	 2,47	 2,66	 7,05	 37,82	 1,93	 25,3459291689109	 -34,4814896720403	 2280,96369501235	 0,281642415808802	 0,80290153650541
13,97	 20,02	 27,77	 52,41	 9,26	 68,84	 17,73	 2,61	 8,87	 34,55	 33,38	 5,35	 11,34	 16,43	 2,87	 12,26	 14,6	 29,99	 1,96	 -29,0391926696172	 40,0908260631121	 3063,54106834568	 0,275261435081241	 0,799907359051388
38,61	 11,22	 78,35	 30,65	 6,7	 53,83	 9,39	 9,96	 21,84	 0,96	 6,13	 12,84	 11,3	 17,05	 0,19	 6,7	 14,37	 49,04	 1,12	 -26,1498321551482	 -19,7440609947329	 2438,43518279012	 0,280431371138594	 0,440299448549486
20,36	 14,09	 53,33	 34,6	 7,41	 55,34	 18,41	 5,61	 14,71	 6,56	 21,59	 8,89	 10,48	 20,74	 0,95	 12,17	 14,39	 47,72	 1,38	 -33,3634279892558	 5,3866566907526	 1578,38652223457	 0,70522543845495	 0,723608812802921
76,51	 4,55	 32,67	 20,94	 21,97	 47,55	 21,13	 4,7	 17,78	 35,5	 14,11	 25,77	 14,88	 16,37	 4,45	 7,99	 7,35	 20,81	 3,78	 37,46027464689	 -2,62535160807561	 1834,6040755679	 0,764891016709448	 0,768647942335971
86,84	 7,74	 60,23	 25,34	 4,36	 38,93	 12,25	 19,63	 22,99	 3,02	 3,36	 51,51	 15,77	 23,49	 0,67	 1,17	 13,76	 26,85	 1,8	 27,7437431851152	 -51,3928661284374	 4045,99143001235	 0,190241452369877	 0,843042313316692
27,46	 14,4	 44,81	 30,19	 3,46	 69,18	 10,69	 11,64	 7,08	 5,5	 7,08	 41,82	 18,87	 26,89	 0,31	 0,79	 9,28	 62,11	 1,18	 -36,8717689055995	 -22,6375606633045	 2803,03568890123	 0,485019633396412	 0,667842547429901
21,86	 8,78	 30,75	 33,96	 16,79	 34,15	 43,4	 3,58	 14,72	 50	 18,68	 6,23	 7,17	 9,81	 1,32	 16,79	 15,09	 27,36	 2,66	 5,76344054918676	 48,633880207979	 3122,71869723457	 0,0106372844257239	 0,768071601573369
46,76	 5,54	 38,2	 31,9	 19,31	 36,05	 33,05	 4,58	 19,89	 50,5	 15,88	 8,01	 8,58	 7,73	 1,43	 21,32	 15,31	 10,59	 3,55	 26,2353562363776	 34,7999566129653	 2445,35945723457	 0,281469423570154	 0,776708263275878
