"unidad"	"nombre"	"AÑO"	"JEFE"	"DESEMP"	"udad_anio"	"TAMAÑO"	"TPARCIAL"	"MULTIEMP"	"PRIVADO"	"PÚBLICO"	"CPSL"	"CPCL"	"PROFYTEC"	"OFICINA"	"MANUAL"	"INDUST"	"COMERCIO"	"SFINAN"	"SPERSON"	"SUBEMP"	"PRECARIO"	"INGRESO"
"1"	"u22"	"IH21"	1995	78.63	4.74	"IH211995"	38.52	4.71	7.33	47.29	22.76	12.43	13.47	0.52	1.77	51.28	15.7	14.45	0.98	5.43	4.12	17.72	2.12
"2"	"u32"	"IM22"	1995	13.16	9.33	"IM221995"	37.24	26.87	11.88	47.05	23.37	3.43	18.66	11.24	24.64	12.68	14.43	24.24	4.63	17.54	6.54	18.02	2.05
"3"	"u29"	"IM12"	1995	2.54	21.1	"IM121995"	32.21	22.69	5.32	73.39	10.08	3.64	9.8	7.56	20.87	12.04	15.27	32.35	6.16	24.65	10.92	38.94	1.24
"4"	"u34"	"IM31"	1995	33.2	4.23	"IM311995"	52.76	38.81	7.32	47.65	6.22	5.66	32.18	1.66	3.45	21.27	21.55	23.76	0.55	38.54	3.45	24.59	1.3
"5"	"u25"	"IH31"	1995	92.68	3.5	"IH311995"	50.1	12.83	4.54	35.26	21.52	14.45	22.23	0.78	5.96	41.09	14.97	14.84	1.62	10.3	3.31	10.43	2.1
"6"	"u23"	"IH22"	1995	79.61	2.91	"IH221995"	36.64	4.56	12.87	38.95	28.97	8.37	15.58	4.1	13.79	40.68	19.56	16.45	5.14	6.98	3.23	8.08	2.89
"7"	"u21"	"IH13"	1995	16.81	7.56	"IH131995"	37.27	21.82	18.18	42.73	27.27	4.55	19.09	34.55	24.55	7.27	12.73	14.55	14.55	0	7.27	2.73	3.19
"8"	"u13"	"MM21"	1995	16.19	13.46	"MM211995"	29.2	25.35	9.09	71.85	5.59	4.02	13.99	1.75	4.37	17.83	20.8	17.48	1.22	43.36	12.41	33.22	1.92
"9"	"u28"	"IM11"	1995	6.92	19.62	"IM111995"	33.01	27.27	3.35	80.38	0.96	4.78	11.96	1.44	3.83	11.96	11.48	20.1	0.96	55.98	10.53	69.38	0.99
"10"	"u8"	"MH32"	1995	92.13	3.69	"MH321995"	38.19	10.47	11.11	36.65	22.09	8.05	17.24	4.98	17.24	23.24	20.05	21.33	14.05	6.77	2.3	3.07	4.48
"11"	"u27"	"IH33"	1995	95.96	0	"IH331995"	34.34	14.14	39.39	20.2	34.34	0	20.2	53.54	5.05	5.05	7.07	9.09	17.17	3.03	2.02	1.01	5.55
"12"	"u30"	"IM13"	1995	0.93	12.15	"IM131995"	25.53	46.81	19.15	42.55	41.49	1.6	13.83	61.17	21.81	1.6	3.72	11.17	11.7	4.79	9.04	10.11	2.63
"13"	"u6"	"MH23"	1995	84.62	1.96	"MH231995"	26.77	6.15	39.38	44.31	23.69	2.92	16.92	46	12.46	5.54	14.15	13.38	19.23	2.77	4.62	2.15	7.17
"14"	"u36"	"IM33"	1995	37.14	2.86	"IM331995"	18.63	48.04	18.63	14.71	60.78	3.92	10.78	68.63	11.76	2.94	2.94	9.8	1.96	0.98	1.96	1.96	3.95
"15"	"u14"	"MM22"	1995	18.04	11.61	"MM221995"	28.66	20.49	10.17	55.53	20.12	4.16	13.88	11.14	28.88	16.7	21.53	18.41	5.86	17.52	8.76	13.96	2.61
"16"	"u2"	"MH12"	1995	22.72	11.02	"MH121995"	26.57	7.31	7.14	74.38	10.06	4.56	7.39	3.53	19	41.79	25.02	27.43	6.88	7.82	5.85	14.96	2.42
"17"	"u10"	"MM11"	1995	4.09	24.56	"MM111995"	26.36	22.48	3.88	80.62	3.1	4.65	8.53	0.78	6.2	19.38	20.93	19.38	1.55	47.29	6.98	57.36	1.4
"18"	"u5"	"MH22"	1995	79.13	3.61	"MH221995"	32.48	4.42	14.97	53.51	17.18	6.12	15.42	4.82	15.82	36.34	22.17	19.73	7.6	9.58	5.44	6.69	3.72
"19"	"u35"	"IM32"	1995	30.52	3.9	"IM321995"	48.31	28.04	7.77	31.08	22.97	5.74	28.38	14.19	14.19	18.24	19.59	23.31	2.7	16.55	4.39	7.43	1.97
"20"	"u4"	"MH21"	1995	80.47	5.11	"MH211995"	36.73	6.55	9.24	57.19	12.63	15.67	9.47	0.47	4.8	56.02	23.74	17.66	2.92	7.95	6.55	12.63	2.66
"21"	"u1"	"MH11"	1995	30	17	"MH111995"	31.33	3.61	4.02	77.51	6.83	8.43	5.62	0	2.41	62.25	26.91	21.29	3.21	9.24	8.43	42.17	1.8
"22"	"u9"	"MH33"	1995	94.77	1.23	"MH331995"	31.78	16.2	31.78	25.55	30.53	4.98	20.56	45.79	8.72	1.56	12.46	11.53	25.86	1.25	2.49	1.25	8.82
"23"	"u17"	"MM32"	1995	36.98	7	"MM321995"	38.42	25.1	8.11	43.63	19.88	6.76	19.88	9.27	27.61	16.02	20.27	23.17	6.76	15.64	5.02	5.02	2.63
"24"	"u7"	"MH31"	1995	91.42	5.23	"MH311995"	40.48	12.17	6.76	44.85	18.21	11.45	15.92	1.46	7.91	39.33	22.27	22.27	3.12	11.24	3.23	6.14	2.88
"25"	"u16"	"MM31"	1995	39.51	7.71	"MM311995"	39.74	31.82	11.14	56.89	8.94	5.72	20.97	2.2	6.16	17.6	18.48	20.23	2.79	41.64	4.11	15.54	1.99
"26"	"u15"	"MM23"	1995	19.04	3.68	"MM231995"	23.8	27.84	36.56	36.98	40.06	2.44	14.77	64.61	20.83	2.13	7.23	7.12	13.92	2.13	8.71	1.91	5
"27"	"u11"	"MM12"	1995	4.84	16.85	"MM121995"	18.81	14.93	6.31	80.95	8.98	1.94	5.95	8.13	34.22	16.26	20.51	28.52	10.68	16.5	9.95	20.02	2.01
"28"	"u12"	"MM13"	1995	7.95	15.26	"MM131995"	21.26	33.72	14.18	58.24	25.67	2.11	7.85	37.74	38.89	2.68	8.62	15.71	21.65	3.45	9.39	6.51	2.89
"29"	"u19"	"IH11"	1995	32.57	10.1	"IH111995"	34.32	5.08	4.03	73.52	9.11	10.59	5.72	0	1.06	58.9	19.7	12.29	0.64	6.57	6.14	44.49	1.5
"30"	"u26"	"IH32"	1995	92.48	2.75	"IH321995"	43.58	12.08	12.45	24.15	30.57	8.49	19.43	5.09	15.85	31.89	21.32	18.87	7.92	6.04	1.32	2.83	3.36
"31"	"u3"	"MH13"	1995	29.13	13.59	"MH131995"	19.38	23.6	19.1	61.8	21.35	5.34	8.15	36.24	33.15	7.02	12.92	17.42	23.31	2.25	10.96	4.21	3.34
"32"	"u20"	"IH12"	1995	24.45	10.42	"IH121995"	34.3	3.76	6.39	65.62	15.05	6.74	9.19	3.15	10.59	49.52	23.8	21.52	2.8	5.86	6.65	24.23	1.81
"33"	"u18"	"MM33"	1995	41.95	4.49	"MM331995"	28.63	32.55	22.75	26.27	42.75	2.75	19.22	62.35	14.51	1.96	7.45	6.27	8.24	3.14	3.92	0.78	5.4
"34"	"u31"	"IM21"	1995	16.6	10.72	"IM211995"	39.49	28.75	10.39	60.51	7.04	4.73	22.29	1.73	3.46	17.21	17.55	21.94	0.69	43.65	9.01	38.34	1.23
"35"	"u24"	"IH23"	1995	84.39	2.11	"IH231995"	34.91	9.05	43.1	31.47	31.03	5.17	18.1	49.57	13.36	6.03	10.34	10.34	12.5	3.02	3.45	1.72	4.86
"36"	"u33"	"IM23"	1995	10.73	0.98	"IM231995"	19.7	39.41	27.34	17.98	63.05	1.72	11.82	75.12	11.82	1.48	1.97	8.13	6.9	0.74	6.65	1.23	4.29
"37"	"u1"	"MH11"	1996	32.5	13.57	"MH111996"	43.8	9.09	7.44	59.09	9.09	19.83	9.92	0.83	4.96	60.33	22.31	26.03	1.24	7.44	9.5	28.93	2.15
"38"	"u15"	"MM23"	1996	22.33	3.59	"MM231996"	21.2	31.85	34.44	37.33	41.78	2.17	13.34	65.56	19.23	1.65	4.86	8.89	14.37	1.96	11.17	1.34	5.26
"39"	"u5"	"MH22"	1996	77.73	4.94	"MH221996"	33.35	8.54	14.31	51.41	16.85	8.37	13.73	4.56	15.75	34.39	21.29	21.64	7.91	7.39	6.64	7.5	3.98
"40"	"u21"	"IH13"	1996	17	20	"IH131996"	36.25	25	18.75	41.25	28.75	5	18.75	43.75	13.75	7.5	7.5	20	15	2.5	8.75	10	3.18
"41"	"u7"	"MH31"	1996	92.55	6.63	"MH311996"	46.45	20.87	6.01	45.36	14.21	14.97	17.38	1.09	7.21	38.47	17.27	22.73	4.26	10.49	5.79	8.31	3.26
"42"	"u32"	"IM22"	1996	13.68	8.63	"IM221996"	50.68	30.02	7.29	47.64	22.18	3.52	19.38	10.25	25.54	12.73	15.53	25.3	4.48	19.38	6.73	20.02	2.02
"43"	"u31"	"IM21"	1996	16.72	13.51	"IM211996"	72.34	36.24	7.94	64.4	7.43	4.23	18.31	1.15	3.2	16.01	18.05	20.36	0.77	45.97	8.83	44.3	1.48
"44"	"u3"	"MH13"	1996	23.81	15.71	"MH131996"	23.73	27.97	12.15	65.25	16.67	5.37	7.63	32.77	33.05	7.91	10.17	20.62	21.47	4.24	10.17	5.08	3.92
"45"	"u12"	"MM13"	1996	10.73	16.8	"MM131996"	21.5	34.21	13.27	66.54	21.31	1.68	7.85	34.95	43.36	4.3	7.48	17.94	23.55	3.74	14.02	5.61	3.49
"46"	"u29"	"IM12"	1996	3.67	24.03	"IM121996"	48.46	25.33	5.12	74.23	8.64	2.93	10.1	11.71	22.4	13.03	14.49	31.77	4.83	21.67	7.32	42.31	1.56
"47"	"u24"	"IH23"	1996	82.28	0.42	"IH231996"	30.51	10.59	41.1	27.97	34.75	4.24	16.53	53.81	6.36	8.05	9.32	10.59	9.32	2.54	2.97	1.69	4.82
"48"	"u16"	"MM31"	1996	35.84	8.21	"MM311996"	72.88	39.2	9.84	61.1	7.6	3.73	20.86	3.13	5.66	16.54	17.14	15.8	1.19	47.39	8.64	19.08	2.16
"49"	"u8"	"MH32"	1996	94.29	6.34	"MH321996"	36.47	15.78	10.74	38.06	22.15	5.57	18.44	4.91	18.57	25.2	19.76	21.35	11.54	7.16	5.17	4.11	4.87
"50"	"u22"	"IH21"	1996	79.28	7.09	"IH211996"	39.22	7.77	4.79	48.08	22.44	13.8	13.36	0.87	2.4	51.63	15.11	13.65	0.44	7.92	4.28	19.39	2.22
"51"	"u34"	"IM31"	1996	36.59	6.52	"IM311996"	79.87	42.47	5.71	49.13	7.13	5.07	31.54	2.38	2.54	19.18	19.81	22.35	0.32	41.52	3.8	29	1.36
"52"	"u18"	"MM33"	1996	38.67	4	"MM331996"	32.64	43.06	29.17	30.9	35.76	4.86	22.22	63.89	13.19	2.08	5.56	7.64	12.15	4.17	4.17	0.35	6.15
"53"	"u17"	"MM32"	1996	37.84	8.22	"MM321996"	48.51	35.45	9.89	45.71	19.4	3.92	20.9	12.69	26.87	11.38	15.49	20.15	5.41	17.54	7.09	8.4	3.12
"54"	"u36"	"IM33"	1996	28.18	3.64	"IM331996"	37.74	52.83	23.58	15.09	50	3.77	18.87	74.53	9.43	0.94	3.77	10.38	4.72	1.89	6.6	2.83	4.37
"55"	"u10"	"MM11"	1996	2.92	27.01	"MM111996"	59	30	9	85	3	2	6	5	6	20	24	15	3	44	10	65	1.86
"56"	"u30"	"IM13"	1996	2.93	15.12	"IM131996"	27.01	54.6	14.94	40.23	43.68	1.15	12.64	63.22	17.82	1.15	4.6	12.64	13.79	2.3	7.47	10.92	3.04
"57"	"u19"	"IH11"	1996	33.59	9.57	"IH111996"	39.74	7.78	2.16	67.82	12.1	10.58	8.42	0.65	1.94	50.97	18.14	15.33	0.43	5.83	7.78	47.08	1.54
"58"	"u9"	"MH33"	1996	94.64	0.89	"MH331996"	34.53	21.92	33.93	29.43	25.23	4.8	22.52	49.25	5.71	4.8	9.31	13.51	24.02	2.7	4.2	0.9	9.51
"59"	"u2"	"MH12"	1996	21.8	14.58	"MH121996"	28.48	10.37	6.88	77.79	6.36	6.18	6.88	3.48	18.73	43.21	25.7	27.18	6.62	7.32	7.32	18.82	2.65
"60"	"u13"	"MM21"	1996	20.06	14.35	"MM211996"	60.36	26.49	9.55	69.55	7.39	3.42	14.77	2.7	5.23	19.28	20	15.32	1.08	45.41	15.32	33.15	2.22
"61"	"u4"	"MH21"	1996	80.22	10.13	"MH211996"	38.72	9.38	8.56	56.52	13.72	12.23	13.32	0.82	5.3	52.99	20.24	21.33	2.04	8.97	9.24	21.2	2.91
"62"	"u33"	"IM23"	1996	13.99	2.56	"IM231996"	17.7	51.67	26.79	20.81	63.64	0.96	10.29	77.27	11.72	0.48	2.39	5.98	6.46	1.44	4.31	0.96	4.27
"63"	"u6"	"MH23"	1996	82.27	1.99	"MH231996"	24.75	13.17	34.88	45.3	24.31	3.33	15.48	50.8	13.46	5.93	13.75	14.62	19.54	1.59	5.93	1.3	7.35
"64"	"u25"	"IH31"	1996	91.71	4.6	"IH311996"	51.53	18.76	3.87	33.65	21.9	16.28	22.85	1.68	4.31	40.44	13.36	16.35	1.75	10.15	4.82	11.9	2.31
"65"	"u20"	"IH12"	1996	24.09	14.17	"IH121996"	37.34	7.8	3.67	66.97	13.03	6.42	10.92	3.49	11.65	49.27	22.02	22.39	3.85	8.17	6.61	31.01	1.93
"66"	"u11"	"MM12"	1996	6.1	20.11	"MM121996"	30.91	18.38	5.49	79.59	8.71	1.67	7.4	9.43	30.55	11.58	14.8	33.65	9.67	17.18	9.9	21.48	2.28
"67"	"u35"	"IM32"	1996	28.66	4.18	"IM321996"	59.81	41.12	7.79	34.58	20.25	4.05	28.35	11.53	19.94	14.64	17.13	24.61	2.18	19.63	3.12	14.64	2.21
"68"	"u23"	"IH22"	1996	79.81	4.06	"IH221996"	38.51	8.05	11.17	38.98	26.98	8.35	17.81	4.17	11.7	40.86	20.58	19.11	4.06	7	4.88	8.76	2.96
"69"	"u14"	"MM22"	1996	19.23	13.32	"MM221996"	37.76	24.19	9.26	56.86	18.81	3.3	14.29	9.91	29.22	14	17.95	21.54	6.25	19.31	9.69	13.28	3.07
"70"	"u26"	"IH32"	1996	93.89	3.32	"IH321996"	44.4	15.52	7.04	29.96	28.16	6.86	21.84	6.14	14.26	30.69	19.68	18.05	9.93	7.04	3.25	4.69	3.22
"71"	"u27"	"IH33"	1996	92.71	0	"IH331996"	31.25	18.75	29.17	26.04	36.46	3.13	19.79	52.08	8.33	5.21	10.42	9.38	10.42	4.17	1.04	2.08	5.59
"72"	"u28"	"IM11"	1996	7.2	23.11	"IM111996"	78.82	32.51	4.43	74.38	0.99	6.4	14.29	1.97	2.46	14.29	13.79	19.7	1.97	53.2	11.33	70.44	1.07
"73"	"u3"	"MH13"	1997	28.57	10.84	"MH131997"	22.1	27.9	11.05	67.4	17.13	4.7	8.01	29.01	39.78	7.73	9.67	22.93	23.48	2.49	8.56	3.87	3.7
"74"	"u8"	"MH32"	1997	91.71	4.59	"MH321997"	36.76	18.85	10.29	41.18	20.32	8.82	15.64	7.22	17.11	24.47	19.65	20.99	11.63	8.96	5.35	3.74	4.46
"75"	"u16"	"MM31"	1997	35.83	6.75	"MM311997"	70.39	44.09	9.92	62.05	8.03	4.41	19.69	3.31	5.04	14.8	15.12	16.54	1.26	48.03	7.56	17.8	2.08
"76"	"u12"	"MM13"	1997	8.09	16.37	"MM131997"	16.13	34.84	12.69	67.74	25.16	0.43	4.09	38.71	41.51	3.01	8.82	16.34	20	2.8	11.83	3.87	3.15
"77"	"u33"	"IM23"	1997	11.72	3.65	"IM231997"	21.89	46.76	25.68	21.89	58.92	1.08	12.7	74.86	9.19	2.43	3.24	7.3	8.92	2.7	4.86	3.51	4.04
"78"	"u27"	"IH33"	1997	93.59	1.28	"IH331997"	42.86	24.68	31.17	16.88	31.17	1.3	24.68	48.05	7.79	6.49	9.09	12.99	15.58	2.6	1.3	0	5.02
"79"	"u25"	"IH31"	1997	90.69	4.55	"IH311997"	53.03	18.14	4.26	37.72	17.56	15.75	21.89	0.79	4.55	41.4	15.17	17.63	1.37	11.49	3.61	12.86	1.97
"80"	"u32"	"IM22"	1997	16.18	11.3	"IM221997"	52.92	28.35	7.4	44.86	21.77	4.03	21.2	10.76	24.16	12.57	13.23	24.08	4.85	21.94	10.68	20.95	2.07
"81"	"u30"	"IM13"	1997	2.44	20.49	"IM131997"	20.25	49.08	9.2	49.08	39.88	1.23	7.36	52.76	28.83	1.84	3.68	14.11	11.66	6.13	6.13	13.5	2.57
"82"	"u17"	"MM32"	1997	38.25	9.7	"MM321997"	48.35	37.4	8.26	48.97	18.18	4.75	17.77	11.98	23.76	11.78	17.77	21.69	4.55	21.07	5.79	5.37	2.86
"83"	"u35"	"IM32"	1997	30.42	5.07	"IM321997"	56.97	32.05	7.42	30.56	21.96	6.23	27.3	13.65	16.32	13.95	15.73	29.38	3.26	16.91	3.56	8.31	2.02
"84"	"u7"	"MH31"	1997	88.58	5.71	"MH311997"	48.9	22.14	4.07	43.83	13.44	14.1	18.61	0.88	5.07	38.55	17.51	22.58	3.63	13.66	4.63	8.92	2.62
"85"	"u21"	"IH13"	1997	11.4	15.79	"IH131997"	28.13	23.96	11.46	56.25	29.17	0	10.42	32.29	26.04	12.5	11.46	16.67	17.71	2.08	6.25	7.29	2.26
"86"	"u9"	"MH33"	1997	91.58	1.05	"MH331997"	28.01	22.34	29.43	34.4	28.01	2.48	19.15	49.65	12.77	2.48	10.64	13.12	23.76	1.06	2.84	1.42	7.69
"87"	"u13"	"MM21"	1997	20.3	13.37	"MM211997"	60.35	31.64	11.13	71.68	6.45	2.93	15.04	3.13	3.32	15.43	19.53	17.77	1.37	43.95	11.52	34.96	2.15
"88"	"u1"	"MH11"	1997	25.52	8.39	"MH111997"	34.73	14.89	4.96	68.32	8.4	12.98	6.87	0.38	3.05	62.21	22.14	27.86	1.91	11.45	9.92	28.63	2.06
"89"	"u10"	"MM11"	1997	6.92	27.04	"MM111997"	56.9	26.72	2.59	81.03	4.31	4.31	8.62	1.72	0.86	22.41	24.14	22.41	0	42.24	10.34	67.24	1.68
"90"	"u26"	"IH32"	1997	94.91	3.74	"IH321997"	48.5	14.29	8.11	30.86	22.57	8.99	25.22	3.35	13.05	32.8	16.58	21.16	8.29	8.29	3.17	6.53	2.92
"91"	"u19"	"IH11"	1997	29.55	12.4	"IH111997"	39.39	9.2	2.36	67.92	13.68	10.61	7.08	0	1.65	59.67	18.87	14.15	0.47	8.49	6.37	44.34	1.53
"92"	"u4"	"MH21"	1997	77.28	6.79	"MH211997"	39.64	10.22	5.74	53.36	12.89	15.13	12.46	1.4	4.34	50.7	22.55	20.17	2.1	9.1	10.78	17.37	2.62
"93"	"u14"	"MM22"	1997	18.08	12.3	"MM221997"	38.51	26.84	10.02	58.63	18.83	3.01	12.88	9.59	32.71	12.88	19.76	19.47	7.52	18.75	8.16	14.75	2.84
"94"	"u31"	"IM21"	1997	19.48	12.77	"IM211997"	72.33	34.12	6.82	65.14	7.94	3.6	17.49	2.61	3.47	15.63	17.12	19.23	0.74	45.66	8.81	46.77	1.32
"95"	"u36"	"IM33"	1997	33.93	3.57	"IM331997"	28.7	51.85	23.15	19.44	49.07	0.93	20.37	75	7.41	2.78	3.7	9.26	4.63	0.93	2.78	0.93	4.36
"96"	"u6"	"MH23"	1997	79.43	3.25	"MH231997"	28.25	9.93	32.45	42.24	24.62	2.8	17.48	50.07	13.15	6.57	13.43	12.73	20.84	1.82	4.48	2.1	7.19
"97"	"u11"	"MM12"	1997	5.02	21.85	"MM121997"	29.6	20.15	3.78	83.25	7.3	1.89	4.66	7.81	32.87	12.34	19.14	29.97	12.22	15.62	9.95	24.94	2.2
"98"	"u34"	"IM31"	1997	37.26	5.4	"IM311997"	80.23	41.43	5.12	50.51	6.88	5.27	29.87	3.07	2.93	16.54	16.84	23.28	0.88	40.56	5.12	28.84	1.23
"99"	"u15"	"MM23"	1997	21.73	4.18	"MM231997"	23.01	34.57	29.66	40.02	38.28	1.53	16.36	62.7	20.94	2.62	6.54	6.54	15.59	1.74	9.49	1.74	5.24
"100"	"u5"	"MH22"	1997	74.96	5.08	"MH221997"	33.58	9.45	11.81	53.86	15.61	8.18	13.42	4.61	16.13	36.35	23.16	19.12	8.29	9.27	5.36	7.95	3.57
"101"	"u2"	"MH12"	1997	23.82	13.7	"MH121997"	23.77	10.06	5.32	74.65	9.39	5.9	6.48	4.32	17.79	43.06	22.36	27.93	4.9	8.73	6.98	17.12	2.45
"102"	"u20"	"IH12"	1997	21.39	12.71	"IH121997"	36.18	8.47	5.67	68.17	12.91	6.58	10.03	3.87	9.87	47.2	21.13	23.27	2.88	8.55	7.15	31.41	1.8
"103"	"u24"	"IH23"	1997	82.24	2.8	"IH231997"	34.13	11.06	29.33	36.06	25.48	5.29	17.79	52.4	10.1	6.73	8.65	12.98	17.31	1.92	1.44	5.77	4.91
"104"	"u18"	"MM33"	1997	47.28	3.06	"MM331997"	27.37	43.51	18.95	30.53	38.95	3.51	17.19	60	18.25	2.46	6.32	8.42	7.37	4.91	3.51	0.35	5.56
"105"	"u28"	"IM11"	1997	6.47	29.85	"IM111997"	63.83	34.75	4.96	80.85	4.26	3.55	7.8	2.13	3.55	17.02	12.77	23.4	1.42	49.65	8.51	87.23	1.12
"106"	"u22"	"IH21"	1997	77.71	5.2	"IH211997"	41.54	9.72	4.3	47.18	21.29	15.36	13.35	0.89	3.19	51.63	16.39	13.35	1.04	8.46	6.38	19.96	2.06
"107"	"u23"	"IH22"	1997	77.61	4.31	"IH221997"	38.41	9.19	11.24	39.9	26.54	8.62	18.26	4.62	11.99	40.13	18.95	17.35	4.57	6.74	5.54	9.47	2.72
"108"	"u29"	"IM12"	1997	3.95	19.83	"IM121997"	48.83	26.3	4.53	76.68	9.84	2.07	8.68	7.25	22.02	9.97	11.92	29.66	7.51	25.78	10.49	41.06	1.49
"109"	"u7"	"MH31"	1998	86.3	4.65	"MH311998"	49.79	16.88	4.32	42.96	12.83	17.02	17.57	1.67	6.97	39.61	18.27	21.06	3.63	14.64	4.6	7.11	3.2
"110"	"u30"	"IM13"	1998	5.29	20.26	"IM131998"	26.52	33.15	11.05	44.2	40.33	3.31	11.05	54.14	24.31	0.55	3.87	13.26	13.81	4.42	12.71	11.6	2.75
"111"	"u29"	"IM12"	1998	6.42	20.45	"IM121998"	48.86	18.44	5.79	78.73	5.79	3.1	8.34	7.13	22.88	9.83	14.4	31.22	4.85	28.94	10.36	44.41	1.45
"112"	"u35"	"IM32"	1998	35.81	8.45	"IM321998"	58.3	30.63	9.96	39.11	18.82	4.06	27.68	11.81	20.3	13.65	15.87	21.77	3.69	19.56	4.8	15.87	2.11
"113"	"u17"	"MM32"	1998	41.65	6.64	"MM321998"	52.21	34.56	8.82	48.28	15.69	5.88	21.57	12.5	22.06	14.46	18.38	15.69	6.86	25.74	5.39	6.13	3.08
"114"	"u21"	"IH13"	1998	25	6	"IH131998"	31.91	6.38	14.89	64.89	14.89	4.26	11.7	27.66	25.53	11.7	12.77	21.28	11.7	5.32	10.64	13.83	3.19
"115"	"u33"	"IM23"	1998	16.81	1.72	"IM231998"	18.86	35.09	28.73	27.41	51.75	1.54	12.06	73.9	11.62	1.97	3.07	6.14	7.02	2.19	5.48	0.88	4.73
"116"	"u6"	"MH23"	1998	76.59	1.79	"MH231998"	28.31	5.96	34.6	45.03	21.69	3.15	16.56	48.68	13.08	7.12	12.42	14.4	23.01	1.49	5.13	2.81	7.64
"117"	"u36"	"IM33"	1998	41.38	2.59	"IM331998"	34.51	39.82	20.35	23.01	44.25	1.77	22.12	68.14	7.08	2.65	5.31	14.16	5.31	0.88	5.31	0.88	4.04
"118"	"u9"	"MH33"	1998	93.53	0.72	"MH331998"	27.54	15.58	29.35	35.51	23.19	3.99	17.75	46.74	8.33	2.9	10.87	11.96	21.38	1.81	5.07	1.09	10.67
"119"	"u12"	"MM13"	1998	13.14	15.49	"MM131998"	15.31	30.63	12.76	69.61	21.81	1.39	5.57	37.12	38.28	2.78	9.05	17.17	20.19	3.71	12.76	6.5	3.61
"120"	"u31"	"IM21"	1998	19.83	12.89	"IM211998"	70.7	28.59	9.53	69.42	6.83	2.56	17.64	2.13	2.42	11.81	13.09	21.34	0.14	47.94	10.38	45.52	1.51
"121"	"u34"	"IM31"	1998	38.75	7.03	"IM311998"	74.45	36.47	9.24	54.45	8.57	5.21	25.38	2.35	5.55	14.12	13.95	23.03	1.51	42.52	5.21	32.61	1.44
"122"	"u23"	"IH22"	1998	78.96	3.6	"IH221998"	36.19	5.29	11.08	42.98	25.11	7.74	17.26	4.12	13.08	39.59	17.59	19.49	5.07	6.74	4.73	9.13	3.09
"123"	"u15"	"MM23"	1998	25.78	3.92	"MM231998"	21.94	20.89	31.39	42.59	36.64	1.52	14.35	67.21	18.2	1.63	4.9	8.17	17.85	1.75	6.88	1.87	5.6
"124"	"u19"	"IH11"	1998	36.67	9.78	"IH111998"	36.95	4.93	4.19	67.49	11.08	14.29	6.65	0	1.72	62.07	18.97	14.29	0.74	7.88	8.62	43.35	1.65
"125"	"u11"	"MM12"	1998	7.34	18.51	"MM121998"	33.03	17.75	4.7	81.07	7.05	2.48	6.53	6.66	30.94	13.32	18.54	31.2	7.31	19.58	8.88	27.55	2.14
"126"	"u25"	"IH31"	1998	91.35	5.47	"IH311998"	51.17	13.82	3.36	40.15	16.9	18.11	19.14	0.75	3.64	43.14	14.75	15.41	1.68	10.55	3.64	12.89	2.27
"127"	"u20"	"IH12"	1998	28.46	10.65	"IH121998"	35.3	5.37	5.28	70.61	10.28	8.83	7.92	3.64	11.01	47.68	20.56	24.02	3.46	8.92	7.73	29.85	2.01
"128"	"u14"	"MM22"	1998	20.86	11.37	"MM221998"	38.47	21.67	8.69	58.93	17.13	3.9	13.8	8.6	30.68	13.88	19.24	22	7.06	18.51	8.12	13.47	3
"129"	"u18"	"MM33"	1998	46.64	3.53	"MM331998"	28.94	38.83	22.34	29.3	37.36	3.66	17.95	69.6	14.29	2.2	5.13	8.42	11.36	2.2	6.23	1.83	5.82
"130"	"u8"	"MH32"	1998	89.14	3.76	"MH321998"	37.48	10.85	9.12	38.78	19.54	8.25	16.35	5.07	16.79	28.36	20.98	19.83	9.41	7.53	5.35	2.6	4.97
"131"	"u32"	"IM22"	1998	19.24	9.22	"IM221998"	48.17	21.27	10.16	52.94	19.21	3.02	18.89	8.89	22.3	13.25	14.68	24.05	4.05	21.51	8.25	19.37	2.1
"132"	"u4"	"MH21"	1998	80.76	4.85	"MH211998"	40.74	5.25	7.25	54.01	13.43	15.59	14.35	0.62	3.55	56.94	20.68	18.21	2.47	7.41	8.8	16.36	2.77
"133"	"u28"	"IM11"	1998	7.73	22.27	"IM111998"	69.01	25.73	5.26	79.53	3.51	2.92	10.53	1.17	4.68	12.87	11.7	21.05	1.17	50.29	14.04	67.84	1.09
"134"	"u3"	"MH13"	1998	26.65	13.77	"MH131998"	21.18	19.1	11.11	65.63	15.28	4.86	9.72	30.21	32.29	10.07	13.19	22.92	21.53	3.13	6.6	2.78	4.12
"135"	"u27"	"IH33"	1998	95.19	1.92	"IH331998"	34.31	13.73	33.33	34.31	26.47	1.96	13.73	48.04	11.76	0.98	8.82	11.76	15.69	1.96	2.94	2.94	6.23
"136"	"u24"	"IH23"	1998	81.82	2.27	"IH231998"	37.21	6.2	39.53	37.21	24.81	4.26	20.93	46.9	12.79	7.75	6.59	11.63	18.6	4.26	3.88	2.33	5.47
"137"	"u13"	"MM21"	1998	22.32	13.84	"MM211998"	62.31	24.2	14.78	75.37	4.28	3.21	11.56	1.5	4.28	16.27	16.27	16.7	1.93	52.03	10.71	35.97	2.2
"138"	"u5"	"MH22"	1998	75.46	4.28	"MH221998"	31.16	4.22	11.24	53.2	16.08	8.13	13.16	4.97	14.4	35.01	23.09	20.48	6.27	7.95	5.09	6.58	3.94
"139"	"u2"	"MH12"	1998	25.71	11.44	"MH121998"	28.46	6.97	5.56	71.82	8.29	7.35	8.11	3.96	18.47	41.85	22.62	26.2	6.03	7.54	7.45	15.65	2.48
"140"	"u22"	"IH21"	1998	80.53	5	"IH211998"	39.26	4.61	5.19	51.11	18.35	15.39	11.6	0.41	2.14	53.91	16.87	14.32	0.74	6.58	5.51	19.01	2.31
"141"	"u1"	"MH11"	1998	36.94	14.55	"MH111998"	34.5	10.04	3.49	68.12	7.86	15.28	7.86	0.44	3.06	68.12	21.83	19.21	2.18	7.42	5.68	31.88	2.02
"142"	"u26"	"IH32"	1998	91.1	2.51	"IH321998"	42.66	8.53	9.33	35.52	24.8	5.95	21.83	3.57	14.09	35.32	17.66	20.04	6.94	8.93	3.77	4.96	3.22
"143"	"u10"	"MM11"	1998	5.76	31.65	"MM111998"	57.89	28.42	10.53	84.21	6.32	0	8.42	1.05	5.26	18.95	18.95	14.74	1.05	52.63	14.74	76.84	1.9
"144"	"u16"	"MM31"	1998	38.72	5.39	"MM311998"	69.93	39.5	6.58	64.95	4.98	3.38	19.22	1.78	4.45	13.52	15.66	19.4	1.6	48.4	4.27	17.26	2.34
"145"	"u27"	"IH33"	1999	88.57	2.86	"IH331999"	38.24	23.53	29.41	32.35	30.88	4.41	20.59	54.41	8.82	5.88	8.82	8.82	17.65	4.41	4.41	5.88	6.63
"146"	"u16"	"MM31"	1999	41.68	8.09	"MM311999"	70.76	36.21	8.47	65.61	6.81	3.82	17.77	3.32	4.32	14.12	14.78	16.11	0.66	52.33	5.65	20.43	2.32
"147"	"u6"	"MH23"	1999	79.12	2.21	"MH231999"	24.5	7.41	32.79	46.23	22.74	3.02	14.2	47.74	12.94	4.77	11.43	13.69	22.74	1.76	5.15	2.01	7.85
"148"	"u1"	"MH11"	1999	32.38	17.79	"MH111999"	34.63	11.69	4.33	66.23	9.52	15.15	8.66	1.3	4.76	63.64	21.65	21.65	0.43	9.09	11.69	38.96	1.86
"149"	"u22"	"IH21"	1999	78.68	4.14	"IH211999"	41.71	5.27	6.23	50.34	18.5	15.82	13.04	0.96	1.82	56.57	15.24	10.55	0.96	7.57	6.62	20.81	2.26
"150"	"u29"	"IM12"	1999	5.24	19.5	"IM121999"	48.46	21.63	3.74	77.24	8.29	2.76	9.11	6.5	21.79	13.01	13.17	30.57	6.02	27.8	11.22	42.28	1.35
"151"	"u33"	"IM23"	1999	20.6	2.76	"IM231999"	23.26	28.42	31.01	27.91	51.42	1.81	14.21	71.83	12.66	1.81	2.33	7.49	10.59	2.07	6.98	4.65	4.78
"152"	"u13"	"MM21"	1999	23.61	16.16	"MM211999"	60.49	28.17	10.4	74.67	5.86	3.78	12.1	1.32	4.73	13.8	15.5	17.01	1.7	50.85	10.78	38.37	1.95
"153"	"u5"	"MH22"	1999	75.39	4.75	"MH221999"	33.37	5.38	10.93	52.8	15.18	8.5	15.41	5.67	15.3	34.16	20.34	20.57	7.88	8.1	6.18	7.65	4.14
"154"	"u2"	"MH12"	1999	26.81	13.37	"MH121999"	30.69	7.42	5.56	74.2	7.42	7.5	9.02	4.05	18.04	39.63	20.49	29.26	7.17	8.18	7.25	17.37	2.49
"155"	"u14"	"MM22"	1999	20.38	13.63	"MM221999"	38.41	21.11	9.62	61.31	16.89	3.88	11.76	10.59	29.34	12.73	15.99	22.21	8.51	20.97	8.1	15.78	2.89
"156"	"u28"	"IM11"	1999	8.47	20.63	"IM111999"	70	28	4	80.67	2	6	6.67	2	0.67	12.67	12.67	22	0	53.33	16	80.67	0.89
"157"	"u10"	"MM11"	1999	8.97	26.21	"MM111999"	54.21	29.91	3.74	88.79	0	3.74	6.54	0	4.67	7.48	14.02	25.23	0.93	53.27	5.61	69.16	1.35
"158"	"u36"	"IM33"	1999	36.7	1.83	"IM331999"	27.1	37.38	25.23	24.3	46.73	1.87	14.95	69.16	6.54	0	0.93	10.28	2.8	3.74	3.74	3.74	4.5
"159"	"u34"	"IM31"	1999	34.7	6.94	"IM311999"	75.91	35.18	6.88	51.24	9.18	6.5	27.72	1.34	3.82	15.68	15.3	21.99	0.96	43.21	6.5	24.86	1.54
"160"	"u8"	"MH32"	1999	89.62	5.07	"MH321999"	38.93	10.29	6.9	42.45	16.02	9.38	17.32	5.86	16.02	27.47	19.01	19.92	10.68	10.94	3.65	3.26	4.72
"161"	"u26"	"IH32"	1999	89.86	5.26	"IH321999"	48.56	10.91	5.76	31.07	22.02	9.47	24.28	3.5	12.96	33.95	20.58	21.4	7.2	8.02	5.35	7.2	3.14
"162"	"u4"	"MH21"	1999	75.78	7.55	"MH211999"	41.45	6.63	6.01	57.47	10.17	18.34	10.79	1.08	4.16	58.86	19.41	13.87	2.62	8.32	8.17	19.11	2.74
"163"	"u15"	"MM23"	1999	23.23	3.02	"MM231999"	23.47	24.34	28.53	41.87	36.32	1.75	15.87	62.8	22.4	0.88	4.28	7.3	17.92	1.56	8.96	1.17	6.27
"164"	"u35"	"IM32"	1999	34.74	8.12	"IM321999"	60.42	28.98	8.13	37.1	16.25	4.24	31.8	9.54	18.37	17.31	16.96	24.38	3.18	21.91	3.89	14.13	2.11
"165"	"u20"	"IH12"	1999	25.98	11.29	"IH121999"	37.87	4.34	4.73	69.63	11.64	8.19	8.09	2.76	8.78	55.03	22.58	21.1	2.56	7.99	8.88	31.66	1.9
"166"	"u11"	"MM12"	1999	8.32	21.87	"MM121999"	30.09	18.13	4.86	83.71	7.23	2.63	4.6	8.41	31.8	11.3	16.82	29.57	8.54	21.02	8.54	28.12	2
"167"	"u31"	"IM21"	1999	21.06	15.5	"IM211999"	73.98	29	11.29	67.71	5.96	5.02	16.46	1.41	2.98	12.23	14.11	19.28	1.25	47.49	9.25	47.34	1.36
"168"	"u18"	"MM33"	1999	41.32	3.16	"MM331999"	23.91	31.79	25.27	38.32	35.6	2.45	13.59	61.96	14.67	2.45	5.43	6.25	10.87	2.45	5.16	1.63	6.41
"169"	"u24"	"IH23"	1999	84.95	1.46	"IH231999"	29.56	7.39	33.99	36.95	28.08	4.93	17.73	51.72	5.91	5.91	9.36	10.34	18.23	0.99	3.94	4.43	5.95
"170"	"u9"	"MH33"	1999	92.73	1.3	"MH331999"	27.11	15.26	30.26	35	25.79	3.42	15.26	47.11	10.53	3.95	13.42	11.05	21.32	1.58	3.42	0.79	10.46
"171"	"u32"	"IM22"	1999	21.85	10.11	"IM221999"	49.05	22.92	9.17	50.43	20.93	4.15	18.69	8.65	24.22	12.11	13.41	24.83	5.02	21.19	10.03	22.75	2.07
"172"	"u17"	"MM32"	1999	36.63	8.01	"MM321999"	51.11	27.96	8.52	49.44	14.44	6.67	19.63	10	23.33	14.81	17.78	18.89	6.85	23.7	8.15	8.52	2.99
"173"	"u12"	"MM13"	1999	13.68	18.66	"MM131999"	19.61	29.95	14.01	66.37	23.29	1.23	7.18	36.78	44.13	1.4	5.6	15.94	22.07	3.15	13.31	8.06	3.08
"174"	"u21"	"IH13"	1999	14.81	17.28	"IH131999"	37.31	23.88	11.94	58.21	14.93	1.49	16.42	32.84	19.4	8.96	2.99	26.87	22.39	4.48	7.46	11.94	2.78
"175"	"u7"	"MH31"	1999	88.47	5.71	"MH311999"	45.9	15.51	4.79	44.64	14	11.73	21.19	0.88	6.56	38.34	17.78	23.2	2.77	12.74	5.04	10.09	3.07
"176"	"u23"	"IH22"	1999	80.58	3.03	"IH221999"	39.27	4.03	9.88	43.69	23.34	7.8	18.99	3.64	11.25	42.52	17.69	20.29	4.88	7.74	5.2	9.3	3.07
"177"	"u3"	"MH13"	1999	26.4	13.2	"MH131999"	19.85	26.55	10.57	70.62	15.98	3.35	6.44	32.99	37.37	6.7	8.76	19.59	31.19	2.32	8.76	5.67	3.25
"178"	"u25"	"IH31"	1999	90	6.12	"IH311999"	54.4	13.13	3.62	38.99	16.75	17.68	21.41	1.14	3.72	44.47	14.79	16.24	1.14	10.13	5.79	11.89	2.14
"179"	"u30"	"IM13"	1999	4.97	17.68	"IM131999"	26.85	36.91	13.42	46.31	36.24	4.7	10.74	58.39	22.15	2.68	4.03	20.13	8.05	4.03	12.08	9.4	2.75
"180"	"u19"	"IH11"	1999	35.52	11.59	"IH111999"	39.89	4.84	2.85	72.36	6.55	12.25	7.41	0.28	1.71	62.11	19.37	10.26	0.28	9.12	7.41	52.14	1.67
"181"	"u35"	"IM32"	2000	35.99	6.05	"IM322000"	52.88	27.12	9.49	42.03	24.75	4.07	21.36	11.86	18.31	11.53	12.2	16.95	3.39	20	5.42	17.29	2.19
"182"	"u19"	"IH11"	2000	31.56	17.56	"IH112000"	45.28	6.47	2.43	64.96	8.36	17.25	8.63	0	1.89	55.53	12.94	15.09	0.27	8.89	12.94	56.87	1.48
"183"	"u3"	"MH13"	2000	26.4	19.96	"MH132000"	21.56	23.9	12.99	71.17	14.03	3.12	8.31	33.77	31.95	9.87	10.13	18.18	30.13	1.04	12.21	7.27	3.28
"184"	"u18"	"MM33"	2000	39.84	4.95	"MM332000"	24.93	37.26	24.11	35.62	37.81	3.29	14.79	69.04	15.07	2.47	4.38	5.75	10.41	1.92	4.93	0.27	6.55
"185"	"u20"	"IH12"	2000	25.24	13.86	"IH122000"	40.16	5.84	4.3	67.32	11.37	7.79	11.48	2.46	8.2	46.93	17.62	23.26	1.84	8.81	10.66	34.94	1.8
"186"	"u2"	"MH12"	2000	25.46	15.17	"MH122000"	27.31	7.1	5.39	76.55	7.64	6.02	7.01	4.31	17.7	43.4	22.37	28.3	7.1	8.27	10.06	20.31	2.31
"187"	"u21"	"IH13"	2000	18.39	20.69	"IH132000"	33.33	27.54	7.25	47.83	30.43	4.35	10.14	28.99	20.29	7.25	1.45	26.09	11.59	4.35	8.7	11.59	2.55
"188"	"u15"	"MM23"	2000	25.81	6.24	"MM232000"	21.6	21.15	28.81	42.66	36.28	2.28	14.68	63.17	21.42	1.73	5.83	6.93	19.51	1.91	10.3	2.92	5.75
"189"	"u26"	"IH32"	2000	90.65	6.68	"IH322000"	47.24	11.66	6.95	33.74	21.88	9	25.36	5.11	13.29	31.08	15.75	12.27	6.95	7.16	5.32	8.59	3.15
"190"	"u24"	"IH23"	2000	80.65	2.15	"IH232000"	37.91	11.54	32.97	38.46	26.92	3.3	23.08	46.7	14.29	6.59	4.95	10.44	17.03	2.2	3.85	3.3	5.28
"191"	"u4"	"MH21"	2000	75.84	8.85	"MH212000"	43.76	5.39	5.86	54.7	10.94	17.26	12.33	1.39	3.7	54.7	18.64	18.95	2.93	10.48	10.17	18.03	2.4
"192"	"u22"	"IH21"	2000	77.64	6.62	"IH212000"	44.35	5.17	4.21	48.28	18.1	15.71	15.33	0.57	2.01	49.9	13.03	11.59	0.77	6.8	8.33	22.99	2.24
"193"	"u34"	"IM31"	2000	39.32	9.61	"IM312000"	71.46	39.76	8.07	56.89	12.01	4.92	22.83	1.97	3.74	12.2	12.01	17.72	0.39	40.75	6.89	35.43	1.6
"194"	"u13"	"MM21"	2000	23.96	18.51	"MM212000"	63.92	24.5	8.02	74.61	4.9	5.12	11.36	1.56	4.01	14.25	15.14	17.59	1.78	49.44	14.03	42.76	1.97
"195"	"u17"	"MM32"	2000	40.03	10.83	"MM322000"	50.88	27.99	6.69	45.77	18.31	7.22	17.25	12.5	25.35	8.63	12.32	22.36	8.1	20.25	7.04	7.75	2.91
"196"	"u30"	"IM13"	2000	4.3	21.51	"IM132000"	19.86	43.15	10.96	30.82	51.37	3.42	10.96	59.59	17.81	0.68	2.74	10.27	9.59	2.05	7.53	12.33	2.97
"197"	"u8"	"MH32"	2000	88.43	6.02	"MH322000"	36.81	10.68	7.66	40.95	20.23	9.92	14.45	5.53	19.22	24.5	18.47	19.1	10.3	8.17	4.77	3.39	4.51
"198"	"u36"	"IM33"	2000	28.44	1.83	"IM332000"	24.3	49.53	16.82	28.04	43.93	2.8	13.08	64.49	8.41	0.93	1.87	10.28	4.67	0.93	2.8	0.93	4.81
"199"	"u28"	"IM11"	2000	11.44	36.32	"IM112000"	71.88	28.13	4.69	85.16	2.34	3.13	7.81	0	0.78	7.81	8.59	16.41	0.78	54.69	15.63	100	0.78
"200"	"u9"	"MH33"	2000	90.71	2.14	"MH332000"	33.33	16.06	27.98	31.63	27.98	5.11	19.46	50.36	9.98	3.16	9.25	9	23.6	0.73	6.08	1.95	9.77
"201"	"u14"	"MM22"	2000	20.87	13.28	"MM222000"	36.84	19.14	8.95	62.34	17.22	4.03	11.48	9.36	31.99	11.28	15.93	21.05	8.34	20.16	11.28	16.81	2.82
"202"	"u7"	"MH31"	2000	89.46	6.62	"MH312000"	48.19	15.77	3.04	46.74	13.17	17.95	15.92	1.88	7.09	37.48	13.46	22.29	5.07	13.75	7.53	10.56	2.82
"203"	"u25"	"IH31"	2000	88.82	5.88	"IH312000"	52.37	11.88	3.63	38.47	18.43	16.52	21.45	1.21	4.73	38.67	12.39	13.19	1.71	8.36	6.45	13.49	2.34
"204"	"u12"	"MM13"	2000	12.18	20.54	"MM132000"	23.17	30.3	12.12	69.88	17.83	3.03	7.84	41.53	35.47	3.03	8.2	16.93	23.17	3.39	15.51	6.42	2.93
"205"	"u11"	"MM12"	2000	7.88	23.83	"MM122000"	33.12	15.18	5.5	83.9	6.41	2.09	4.71	8.12	30.24	12.57	17.15	33.12	8.25	20.16	12.96	33.25	1.88
"206"	"u33"	"IM23"	2000	16.07	4.59	"IM232000"	21.12	31.82	23.8	24.33	56.95	1.07	12.83	68.45	13.9	1.07	4.55	5.61	9.89	1.07	6.95	4.01	4.5
"207"	"u16"	"MM31"	2000	39.69	11.02	"MM312000"	73.27	33.1	6.73	66.02	6.73	5.31	18.23	2.3	5.49	11.5	12.92	17.52	1.77	51.68	7.61	21.06	2.14
"208"	"u27"	"IH33"	2000	92.86	4.76	"IH332000"	32.5	20	21.25	22.5	33.75	2.5	22.5	53.75	10	3.75	3.75	5	8.75	1.25	1.25	1.25	6.51
"209"	"u6"	"MH23"	2000	77.8	3.9	"MH232000"	26.65	8.12	30.46	46.57	24.11	3.81	14.34	47.34	15.74	5.58	11.42	15.86	22.84	1.4	4.82	2.66	8.02
"210"	"u23"	"IH22"	2000	77.88	3.9	"IH222000"	37.98	4.95	9.96	41.98	24.79	10.27	16.8	4.12	10.34	39.7	16.49	17.5	3.17	6.53	6.98	11.73	3.05
"211"	"u29"	"IM12"	2000	5.75	24.71	"IM122000"	47.02	18.93	4.58	76.18	6.72	2.29	10.69	6.56	23.36	8.7	10.08	31.6	5.8	24.43	11.6	48.4	1.27
"212"	"u5"	"MH22"	2000	73.96	6.03	"MH222000"	33.28	4.83	9.71	54.17	15.84	10.16	11.93	5.34	14.71	37.99	21.92	19.93	7.16	8.23	7.89	8.97	3.75
"213"	"u1"	"MH11"	2000	34.93	13.7	"MH112000"	39.68	5.56	1.59	66.27	7.54	18.65	7.54	1.19	3.57	58.73	17.06	25.4	3.17	9.92	10.71	33.33	1.96
"214"	"u32"	"IM22"	2000	18.59	11.52	"IM222000"	49.81	23.1	7.51	54.18	18.35	4.28	17.02	8.94	19.01	9.7	11.5	23.67	4.47	21.2	9.51	26.52	2.07
"215"	"u31"	"IM21"	2000	23.14	16.69	"IM212000"	73.29	30.65	8.04	66.77	5.46	6.07	16.39	1.67	2.43	11.68	12.59	17.15	1.67	45.98	13.81	54.63	1.33
"216"	"u10"	"MM11"	2000	8.59	38.65	"MM112000"	56	28	2	88	4	2	6	2	5	10	11	16	1	56	14	87	1.21
"217"	"u3"	"MH13"	2001	23.57	20.14	"MH132001"	25.79	40.26	8.31	70.92	10.89	5.44	9.89	29.51	25.21	21.2	14.76	21.78	6.02	4.58	10.32	36.82	2.84
"218"	"u33"	"IM23"	2001	18.97	7.23	"IM232001"	35.53	35.18	17.68	35.01	40.55	3.81	17.33	48.18	18.02	7.11	8.67	10.05	2.43	15.94	18.89	26.17	3.83
"219"	"u19"	"IH11"	2001	37.12	14.14	"IH112001"	49.12	30.59	2.94	70.29	6.47	12.35	9.12	1.76	0	52.35	17.65	13.82	0	0.59	6.76	67.06	1.47
"220"	"u14"	"MM22"	2001	24.38	16.74	"MM222001"	40.65	40.56	9.35	62.43	17.2	4.85	10.93	8.29	29.28	9.17	15.87	20.46	3.53	12.43	13.84	37.65	2.74
"221"	"u25"	"IH31"	2001	90.66	7.1	"IH312001"	57.7	18.53	3.87	36.96	17.38	18.01	21.26	1.99	3.87	54.03	11.31	20.84	0.1	1.15	9.42	32.98	1.95
"222"	"u17"	"MM32"	2001	40.72	8.93	"MM322001"	53.02	27.74	7.17	47.92	16.6	7.36	18.49	8.11	24.72	11.89	16.42	18.87	1.13	13.21	12.45	25.09	3.07
"223"	"u4"	"MH21"	2001	74.77	6.99	"MH212001"	48.69	24.84	4.9	48.2	12.25	23.04	14.05	1.31	3.27	54.74	17.81	22.39	0.33	1.14	13.07	36.76	2.18
"224"	"u23"	"IH22"	2001	76.34	5.65	"IH222001"	39.41	15.1	7.41	44.25	23.93	9.21	16.24	7.69	12.73	42.07	13.77	22.22	2.56	2.28	6.65	37.42	2.51
"225"	"u1"	"MH11"	2001	28.37	13.48	"MH112001"	43.03	33.2	3.69	64.34	6.56	21.72	6.97	2.46	2.46	45.49	21.31	20.9	0	0.82	11.07	55.74	1.66
"226"	"u13"	"MM21"	2001	21.45	23.09	"MM212001"	64.3	58.87	9.93	72.81	7.09	8.27	8.51	0.47	4.02	10.64	12.06	15.6	0.24	9.46	19.62	59.1	2.22
"227"	"u26"	"IH32"	2001	90.38	6.1	"IH322001"	46.75	13.75	5.5	30	26.5	7.75	22.5	12.75	17.25	37.5	14.25	19.25	2	1.25	5.25	24	2.85
"228"	"u34"	"IM31"	2001	37.63	12.88	"IM312001"	80.61	36.47	5.76	56.05	5.76	8.25	25.14	1.15	4.22	14.78	16.7	19.96	0	7.68	15.55	51.82	1.39
"229"	"u31"	"IM21"	2001	20.58	18.85	"IM212001"	76.06	47.7	5.85	68.62	4.79	5.5	16.31	1.06	3.55	10.11	13.12	16.67	0.53	6.56	17.38	65.25	1.33
"230"	"u20"	"IH12"	2001	28.02	14.44	"IH122001"	43.29	28.57	4.18	68.83	11.98	9.09	8.37	5.34	8.23	38.38	19.62	26.7	0.58	0.87	7.65	62.63	1.67
"231"	"u27"	"IH33"	2001	92.53	6.76	"IH332001"	56.87	17.56	14.12	27.86	17.56	9.92	32.44	20.99	7.25	50	19.08	20.23	1.91	4.96	6.11	21.76	2.84
"232"	"u36"	"IM33"	2001	35.42	6.25	"IM332001"	39.44	27.22	15.56	26.11	42.78	3.33	21.67	53.33	8.89	5	6.11	14.44	0.56	10	8.33	17.22	3.91
"233"	"u28"	"IM11"	2001	7.22	32.78	"IM112001"	70.25	76.03	4.13	79.34	0.83	9.92	7.44	0	4.13	9.92	10.74	15.7	0.83	0.83	16.53	76.86	1.17
"234"	"u8"	"MH32"	2001	87.71	5.44	"MH322001"	41.45	18.26	7.4	42.43	17.43	9.21	15.46	13.98	21.38	32.07	18.09	21.22	7.07	1.97	8.55	17.76	4.54
"235"	"u6"	"MH23"	2001	76.98	4.19	"MH232001"	32.63	20.37	23.04	45.03	21.85	7.19	15.5	38.76	11.63	25.02	15.08	16.14	5.71	8.1	8.03	20.93	5.23
"236"	"u16"	"MM31"	2001	42.35	12.78	"MM312001"	74.79	35.6	9.88	63.54	6.3	6.98	17.38	2.04	6.13	13.29	14.31	13.29	0.51	7.33	14.82	47.02	2.17
"237"	"u12"	"MM13"	2001	12.56	27.73	"MM132001"	25	61.06	12.79	66.24	19.4	4.45	7.61	37.93	37.07	2.73	8.19	16.24	2.59	15.52	13.79	32.9	2.92
"238"	"u30"	"IM13"	2001	4.45	28.01	"IM132001"	37.45	69.09	8	58.18	24.36	3.27	12.36	32.73	23.64	4.73	10.91	19.64	2.18	8.73	22.18	45.09	2.29
"239"	"u21"	"IH13"	2001	21.54	21.54	"IH132001"	41.18	41.5	7.84	61.44	14.38	8.82	12.75	18.3	10.13	40.52	16.34	20.92	0.98	1.96	7.52	55.88	1.94
"240"	"u2"	"MH12"	2001	25.95	15.7	"MH122001"	30.91	33.16	4.76	74.11	6.08	8.72	7.66	11.49	15.46	29.59	19.68	29.06	1.45	2.51	8.32	49.14	2.17
"241"	"u24"	"IH23"	2001	81.44	4.42	"IH232001"	42.06	18.03	18.34	40.99	24.65	9.09	17.72	23.42	7.86	41.91	15.87	17.26	2.16	7.09	7.86	34.67	3.13
"242"	"u32"	"IM22"	2001	21.23	15.08	"IM222001"	52.38	36.65	7.35	55.32	17.76	4.75	17.08	5.43	23.64	8.03	12.1	22.4	1.24	11.99	13.8	49.89	1.92
"243"	"u29"	"IM12"	2001	6.01	28.08	"IM122001"	53.24	56.99	3.97	75.16	7.52	5.01	7.31	3.76	20.46	5.43	11.27	32.99	2.09	6.89	12.11	68.48	1.4
"244"	"u9"	"MH33"	2001	92.36	5.14	"MH332001"	37.15	21.98	22.29	34.06	25.08	5.42	19.97	41.02	9.29	23.99	16.25	14.86	5.57	9.13	7.74	12.07	6.81
"245"	"u15"	"MM23"	2001	26.75	9.21	"MM232001"	27.26	38.23	26.5	44.58	32.57	3.66	14.42	54.8	24.22	3.66	8.7	9.04	4.97	21.05	13.87	16.56	4.94
"246"	"u7"	"MH31"	2001	88.04	7.53	"MH312001"	54.22	24.13	4.94	40.99	13.81	14.24	23.26	4.07	4.65	46.08	13.23	23.26	0.44	0.87	11.63	28.49	2.78
"247"	"u5"	"MH22"	2001	71.39	6.97	"MH222001"	36.06	19.88	8.85	54.42	16.43	7.75	13.56	12.55	14.83	37.57	16.09	22.75	3.71	3.29	10.19	31.09	3.44
"248"	"u35"	"IM32"	2001	36.11	6.94	"IM322001"	58.96	23.13	7.84	41.79	19.78	8.21	21.27	7.09	19.4	10.45	11.57	18.66	0.37	14.18	11.94	36.57	1.88
"249"	"u10"	"MM11"	2001	9.93	39.07	"MM112001"	66.3	84.78	5.43	79.35	0	8.7	8.7	0	5.43	9.78	15.22	21.74	3.26	1.09	10.87	66.3	1.72
"250"	"u11"	"MM12"	2001	8.18	26.59	"MM122001"	33.44	53.93	4.43	83.44	5.74	2.3	6.72	6.72	25.9	6.56	16.07	30.82	2.13	10.33	13.93	51.97	1.95
"251"	"u18"	"MM33"	2001	42.67	5.68	"MM332001"	35.92	31.84	21.36	36.7	30.87	5.24	21.36	56.31	14.95	7.77	8.16	6.8	2.14	20.58	16.89	13.01	5.6
"252"	"u22"	"IH21"	2001	80	7.51	"IH212001"	48.42	18.57	3.69	48.95	16.35	16.98	15.51	2.43	2.74	55.59	14.66	16.24	0.21	0.74	6.86	45.99	1.93
"253"	"u8"	"MH32"	2002	87.31	6.95	"MH322002"	43.34	18.83	6.49	41.56	17.69	7.95	17.05	14.29	19.16	27.6	14.29	23.38	6.17	2.27	9.9	18.18	3.64
"254"	"u9"	"MH33"	2002	88.06	5.97	"MH332002"	38.55	23.49	20.53	34.27	24.96	7.68	20.83	42.25	11.37	21.86	13.88	17.73	4.73	11.67	11.67	11.37	5.88
"255"	"u7"	"MH31"	2002	86.07	8.83	"MH312002"	55.37	30.71	5.75	40.39	15.43	16.79	20.12	2.72	5.6	48.11	14.52	25.26	0.76	1.06	18.31	28.29	2.25
"256"	"u19"	"IH11"	2002	32.82	18.58	"IH112002"	50.63	43.44	2.19	63.13	9.69	18.75	7.5	2.19	0.31	49.38	17.81	17.81	0	0.31	14.69	58.75	1.26
"257"	"u5"	"MH22"	2002	71.16	9.56	"MH222002"	38.63	24.69	7.99	54.8	14.92	9.06	13.77	10.48	16.25	37.66	18.29	24.87	3.91	3.64	11.19	32.5	3.02
"258"	"u6"	"MH23"	2002	75.42	6.82	"MH232002"	33.91	26.67	21.09	44.78	22.32	8.77	16.45	37.25	11.74	28.33	15.72	16.38	5.22	7.75	11.45	20.8	4.54
"259"	"u36"	"IM33"	2002	34.78	7.73	"IM332002"	38.22	28.27	17.8	32.98	35.08	8.38	16.75	46.6	12.04	12.57	10.99	13.09	1.05	14.14	14.66	27.23	2.7
"260"	"u21"	"IH13"	2002	23.9	22.33	"IH132002"	46.56	46.96	4.05	53.04	17.41	9.31	15.38	19.03	5.26	43.72	15.79	24.7	0.81	2.83	10.12	49.8	1.76
"261"	"u4"	"MH21"	2002	71.97	12.6	"MH212002"	48.83	36.4	6.67	51.17	12.61	21.8	12.25	1.08	2.34	54.05	16.58	20.72	0.36	1.8	16.76	41.08	1.87
"262"	"u18"	"MM33"	2002	44.73	6.46	"MM332002"	36.55	33.45	20.36	37.82	29.09	6.55	19.82	55.64	14.91	6.18	9.82	7.64	1.27	26	17.82	12	4.48
"263"	"u1"	"MH11"	2002	24.6	20.24	"MH112002"	53.23	57.71	5.47	58.71	6.97	25.87	7.46	2.49	1	43.28	16.92	26.37	0	0.5	21.89	50.25	1.37
"264"	"u27"	"IH33"	2002	91.07	5.84	"IH332002"	51.09	25.55	13.14	30.29	24.09	13.14	25.55	22.99	11.68	50	20.8	17.15	0.73	6.57	14.23	24.45	3.05
"265"	"u17"	"MM32"	2002	42.26	13.57	"MM322002"	46.88	34.61	8.65	45.47	20.72	6.04	18.11	13.68	28.37	12.07	15.49	15.9	2.62	14.69	16.5	21.33	2.74
"266"	"u13"	"MM21"	2002	25.71	23.44	"MM212002"	68.4	67.41	9.88	72.1	4.94	7.41	10.62	0.49	5.43	12.59	14.81	17.04	0.25	7.65	29.14	59.01	1.79
"267"	"u24"	"IH23"	2002	77.99	5.39	"IH232002"	44.22	19.11	14.02	39.45	22.8	10.48	19.57	24.04	6.78	44.38	14.64	20.49	2	6.78	9.71	31.59	2.56
"268"	"u16"	"MM31"	2002	44.18	10.69	"MM312002"	76.96	43.21	8.75	59.11	6.43	11.79	17.32	1.43	5.36	15	16.96	13.93	0.89	9.11	25.54	45.18	1.94
"269"	"u15"	"MM23"	2002	27.71	10.4	"MM232002"	26.89	41.97	24.84	45.58	32.98	3.89	14.3	53.15	26.54	2.97	7.08	9.55	5.59	21.02	18.05	17.34	4.34
"270"	"u34"	"IM31"	2002	35.47	16.04	"IM312002"	81.1	35.03	5.52	55.41	8.49	8.07	22.51	1.27	4.25	12.74	13.59	16.99	0.21	7.43	12.74	51.38	1.23
"271"	"u29"	"IM12"	2002	6.45	31.18	"IM122002"	54.24	64.96	2.68	77.23	7.59	4.24	8.04	4.91	20.76	7.81	10.27	29.69	3.13	7.37	13.62	72.99	1.26
"272"	"u14"	"MM22"	2002	23.49	17.05	"MM222002"	39.53	40.37	7.85	65.7	15.61	4.58	9.53	8.22	30.84	8.22	12.52	21.5	3.27	14.77	17.29	39.63	2.4
"273"	"u35"	"IM32"	2002	33	11.11	"IM322002"	54.55	26.14	4.17	32.58	30.3	8.33	20.83	9.85	28.79	9.47	10.98	18.94	1.14	11.74	13.26	28.41	2.02
"274"	"u32"	"IM22"	2002	19.61	19.42	"IM222002"	56.46	44.47	6.75	55.3	16.18	6.87	16.53	5.24	22.82	8.03	11.64	22.47	1.51	9.43	15.6	50.64	1.71
"275"	"u33"	"IM23"	2002	18.83	8.39	"IM232002"	34.89	36.27	17.27	29.19	45.42	4.84	16.06	53.71	12.95	7.6	8.46	9.15	1.04	17.79	18.48	23.32	3.37
"276"	"u22"	"IH21"	2002	78.51	9.68	"IH212002"	50.88	25.56	3.89	49.59	14.61	21.67	12.72	2.24	1.88	59.01	12.01	14.72	0	0.71	10.95	47.23	1.58
"277"	"u10"	"MM11"	2002	13.45	42.86	"MM112002"	63.24	102.94	4.41	80.88	2.94	1.47	13.24	0	7.35	10.29	11.76	26.47	0	1.47	25	67.65	1.58
"278"	"u25"	"IH31"	2002	90.54	9.26	"IH312002"	60.76	23.65	4.15	33.63	18.16	19.96	23.21	2.58	3.92	53.48	10.87	19.73	0.22	1.79	10.54	31.39	1.68
"279"	"u2"	"MH12"	2002	24.54	19.12	"MH122002"	34.05	37.32	3.85	71.08	9.4	9.12	7.41	6.27	12.82	33.62	15.24	31.48	1.85	2.71	12.54	50.85	1.79
"280"	"u23"	"IH22"	2002	77.57	7.83	"IH222002"	41.98	17.64	7.74	41.32	26.6	10.57	15.09	5.47	15	41.98	15.38	21.51	2.74	2.64	6.13	37.45	2.18
"281"	"u28"	"IM11"	2002	9.71	37.71	"IM112002"	80.73	97.25	3.67	80.73	0	11.93	6.42	0	0.92	10.09	12.84	7.34	0.92	0	25.69	80.73	1.18
"282"	"u11"	"MM12"	2002	11.99	29.56	"MM122002"	38.49	63.83	3.87	80.46	6.58	4.64	6.19	7.74	29.59	6.19	12.38	34.04	1.74	8.7	17.99	56.67	1.71
"283"	"u3"	"MH13"	2002	24.61	23.28	"MH132002"	29.25	50.94	8.96	64.47	14.47	9.43	7.7	28.93	22.17	25.31	15.57	19.18	4.56	4.72	14.15	34.91	2.51
"284"	"u31"	"IM21"	2002	21.85	21.08	"IM212002"	77.39	53.61	6.24	68.62	5.26	6.24	15.2	0.97	2.14	9.16	9.55	15.59	0.39	5.26	19.88	65.11	1.34
"285"	"u30"	"IM13"	2002	5.41	28.53	"IM132002"	37.39	68.49	11.76	49.16	36.55	5.46	7.98	44.54	16.39	4.2	3.78	17.23	1.68	13.45	20.59	43.7	1.92
"286"	"u12"	"MM13"	2002	12.03	27.63	"MM132002"	24.1	66.92	11.23	67.37	19.16	4.04	7.19	37.13	37.43	2.1	9.13	15.12	3.44	13.47	19.31	33.68	2.52
"287"	"u20"	"IH12"	2002	27.24	18.89	"IH122002"	42.69	37.01	3.43	62.39	14.33	10.9	8.06	4.48	6.87	40.75	17.46	23.88	0.9	0.75	9.4	60.15	1.46
"288"	"u26"	"IH32"	2002	94.27	6.92	"IH322002"	52.56	20.77	7.44	25.13	25.13	11.28	26.15	10.51	18.46	41.54	10.51	21.03	2.05	2.05	9.49	21.28	2.53
"289"	"u31"	"IM21"	2003	23.09	24.49	"IM212003"	78.31	61.57	6.2	63.02	6.2	10.33	16.12	0.83	4.13	10.33	10.33	15.5	0.21	4.55	22.31	61.36	1.09
"290"	"u25"	"IH31"	2003	91.54	9.48	"IH312003"	56.42	25.68	2.48	37.5	17.68	21.96	19.48	2.82	3.6	53.94	13.51	17.57	0.11	1.24	13.4	34.91	1.41
"291"	"u33"	"IM23"	2003	18.07	9.98	"IM232003"	33.27	38.03	17.08	36.97	40.67	4.4	14.79	53.35	14.44	6.16	6.34	10.39	1.76	19.01	17.25	30.11	2.82
"292"	"u8"	"MH32"	2003	86.82	7.53	"MH322003"	45.37	20.56	6.67	39.44	18.33	9.63	20.93	16.11	16.85	30	15.74	20.56	4.44	3.33	11.11	19.26	3.03
"293"	"u11"	"MM12"	2003	7.79	27.35	"MM122003"	34.62	59.31	4.45	82.59	6.88	3.24	5.47	6.68	25.51	7.49	15.79	31.78	1.62	6.48	16.19	60.93	1.39
"294"	"u26"	"IH32"	2003	91.71	6.45	"IH322003"	48.28	17.73	5.42	31.28	24.88	11.58	21.92	11.33	14.78	39.9	12.32	23.15	1.48	2.46	10.59	27.09	2.13
"295"	"u20"	"IH12"	2003	29.78	18.58	"IH122003"	44.82	40.29	3.56	68.28	12.3	8.74	9.06	5.5	5.99	34.95	15.53	27.67	0.81	1.46	12.62	63.43	1.22
"296"	"u30"	"IM13"	2003	5.48	34.58	"IM132003"	39.65	89.87	9.69	50.22	30.84	8.37	10.57	43.61	16.74	2.2	6.17	18.5	1.32	12.33	25.55	45.37	1.65
"297"	"u15"	"MM23"	2003	27.85	9.39	"MM232003"	28.65	41.66	25.66	45.9	32.75	2.99	15.3	52.92	23.64	4.73	8.83	8.48	4.87	22.67	17.39	19.54	3.65
"298"	"u4"	"MH21"	2003	70.56	11.68	"MH212003"	51.15	39.27	5.17	46.74	13.98	20.11	16.86	2.87	2.11	53.64	17.43	20.31	0.77	0.57	18.77	36.02	1.62
"299"	"u18"	"MM33"	2003	47.86	8.4	"MM332003"	35.29	36.85	17.99	36.85	32.7	4.15	19.38	53.46	19.38	7.09	9.69	7.44	3.11	22.66	18.17	12.63	3.75
"300"	"u29"	"IM12"	2003	7.08	31.54	"IM122003"	58.43	70.56	2.92	75.06	7.19	6.07	8.09	4.04	15.06	7.87	13.03	29.66	0.67	7.19	16.4	70.56	1.06
"301"	"u32"	"IM22"	2003	19.79	19.32	"IM222003"	55.72	46.38	7.01	53.86	19.74	6.89	14.84	5.84	22.66	8.76	9.7	20.21	2.1	12.62	17.41	48.83	1.42
"302"	"u3"	"MH13"	2003	26.71	25.98	"MH132003"	33.77	58.65	10.21	63.76	12.69	6.59	13.34	33.28	18.62	21.75	11.04	23.23	2.47	4.78	16.14	36.08	2.09
"303"	"u7"	"MH31"	2003	87.71	8.6	"MH312003"	56.13	28.57	2.86	42.52	12.27	17.14	22.35	3.03	3.03	47.39	13.78	23.03	1.68	2.18	16.13	29.08	1.92
"304"	"u19"	"IH11"	2003	32.98	18.23	"IH112003"	59.34	43.93	2.3	61.64	7.87	20.66	8.2	1.31	0.66	47.54	12.46	19.02	0	0	14.43	60.33	1.05
"305"	"u21"	"IH13"	2003	22.85	24.63	"IH132003"	51.97	59.84	7.09	56.69	12.2	12.99	12.99	20.08	8.27	44.09	17.72	22.83	0.79	1.97	20.47	52.36	1.43
"306"	"u14"	"MM22"	2003	23.85	18.42	"MM222003"	42.34	46.37	8.06	65.63	14.92	4.03	10.99	8.17	28.93	11.19	15.22	18.75	3.02	14.01	19.56	42.84	1.99
"307"	"u12"	"MM13"	2003	13.63	28.79	"MM132003"	27.16	65.9	10.96	68.98	18.67	2.62	8.33	35.19	32.72	3.24	8.49	16.98	3.24	11.11	16.98	38.73	2.12
"308"	"u9"	"MH33"	2003	91.19	5.29	"MH332003"	41.4	24.65	20.93	32.25	22.17	5.43	24.5	38.45	10.85	27.75	17.21	15.97	3.72	9.3	11.78	12.4	5
"309"	"u13"	"MM21"	2003	25.74	24.68	"MM212003"	70.9	72.03	11.86	72.03	3.95	5.37	15.54	1.69	1.69	11.02	11.86	18.08	1.13	7.06	32.49	64.97	1.46
"310"	"u10"	"MM11"	2003	5.88	42.86	"MM112003"	64.71	107.35	5.88	76.47	2.94	10.29	8.82	0	2.94	16.18	19.12	20.59	0	4.41	22.06	66.18	1.41
"311"	"u16"	"MM31"	2003	39.37	12.79	"MM312003"	73.9	43.05	8.95	65.14	7.24	5.52	18.48	1.14	5.71	14.67	15.24	13.9	0.38	8.95	23.62	51.05	1.64
"312"	"u24"	"IH23"	2003	76.88	6.04	"IH232003"	43.1	22.26	13.64	38.24	24.92	9.72	21.16	24.14	7.99	42.95	18.18	18.81	1.57	6.43	9.87	32.92	2.12
"313"	"u17"	"MM32"	2003	39.12	10.44	"MM322003"	48.42	28.85	9.88	47.83	21.74	7.11	16.01	10.47	31.62	12.06	14.23	15.81	2.17	13.83	14.03	26.68	2.27
"314"	"u27"	"IH33"	2003	91.08	5.2	"IH332003"	53.33	20.78	11.76	27.84	21.57	13.33	26.27	27.45	5.1	46.27	16.47	18.04	1.18	6.27	12.94	23.92	2.46
"315"	"u36"	"IM33"	2003	36.6	4.68	"IM332003"	40.63	20.98	12.5	31.25	38.84	6.25	17.41	44.2	15.18	12.95	12.95	9.38	1.34	13.84	11.61	24.11	2.23
"316"	"u22"	"IH21"	2003	75.96	8.3	"IH212003"	55.1	27.15	3.13	45.13	16.94	22.16	14.15	2.44	1.62	54.18	12.88	17.29	0.35	0.7	13.69	43.97	1.33
"317"	"u28"	"IM11"	2003	9.76	30.49	"IM112003"	78.95	80.7	5.26	75.44	1.75	11.4	7.89	0.88	5.26	11.4	12.28	13.16	0	3.51	28.95	71.93	0.99
"318"	"u34"	"IM31"	2003	40.25	16.34	"IM312003"	78.78	42.65	5.88	59.03	7.14	8.19	22.48	0.42	3.15	13.66	12.82	14.08	0	7.56	19.12	55.88	1.05
"319"	"u35"	"IM32"	2003	35.18	8.79	"IM322003"	58.21	26.79	7.14	35.71	26.43	8.57	20.36	9.64	21.79	13.93	10	20	0.71	12.14	13.21	29.64	1.7
"320"	"u1"	"MH11"	2003	32.64	19.25	"MH112003"	50.78	54.92	2.07	63.21	7.77	17.62	10.36	2.59	1.55	38.34	17.1	31.09	0	0	21.76	54.92	1.1
"321"	"u23"	"IH22"	2003	78.93	6.69	"IH222003"	40.89	18.6	5.91	40.6	25.97	11.53	14.92	6.69	12.69	41.76	14.15	21.71	2.81	2.03	8.72	37.11	1.81
"322"	"u6"	"MH23"	2003	76.36	6.49	"MH232003"	31.53	26.67	21.6	46.25	23.75	6.74	15.56	36.74	14.24	26.6	14.17	15.49	5.14	8.89	10.28	21.11	3.8
"323"	"u5"	"MH22"	2003	71.62	8.92	"MH222003"	38.15	24.81	8.21	53.73	15.95	8.68	14.93	9.05	15.95	35.63	17.16	24.35	3.17	3.36	12.22	33.58	2.54
"324"	"u2"	"MH12"	2003	24.94	19.87	"MH122003"	36.65	46.29	7.11	70.14	7.42	9.79	9.64	11.69	13.9	28.91	16.43	28.75	2.53	2.21	15.32	49.13	1.47
"325"	"u27"	"IH33"	2004	91.29	3.87	"IH332004"	49.66	16.11	16.11	26.85	26.51	10.07	27.18	26.17	8.39	43.96	19.8	16.11	1.34	9.73	7.38	20.13	2.71
"326"	"u9"	"MH33"	2004	88.78	4.54	"MH332004"	38.71	22.99	20.48	36.33	22.59	6.74	21.66	40.42	8.19	24.17	14.93	15.59	3.43	10.17	8.72	11.23	4.91
"327"	"u3"	"MH13"	2004	26.06	17.13	"MH132004"	29.27	38.25	12.2	68.29	12.32	4.88	10.01	27.98	21.18	21.57	14.25	20.41	2.82	4.24	10.14	31.71	1.9
"328"	"u17"	"MM32"	2004	40.89	8.74	"MM322004"	49.69	27.9	8.35	45.42	21.79	6.52	18.53	9.78	29.94	13.65	16.7	17.72	3.05	14.87	14.66	20.37	2.28
"329"	"u8"	"MH32"	2004	89.44	4.95	"MH322004"	39.76	13.54	7.29	40.45	19.62	5.38	18.58	14.76	20.31	27.95	14.58	23.09	3.47	3.82	5.9	17.19	3.13
"330"	"u29"	"IM12"	2004	5.75	31.69	"IM122004"	60.82	68.75	3.61	78.37	4.09	6.25	8.89	4.57	17.55	4.33	10.1	26.92	0.96	8.89	16.11	69.71	0.93
"331"	"u16"	"MM31"	2004	38.79	6.62	"MM312004"	74.61	32.68	11.02	62.8	8.46	8.07	16.34	1.57	5.31	14.76	16.73	12.99	0.39	8.27	19.69	38.19	1.51
"332"	"u2"	"MH12"	2004	27.33	14.93	"MH122004"	36.68	34.33	7.84	72.88	8.78	5.49	10.19	10.34	13.48	29	17.4	32.13	0.78	2.51	11.29	48.43	1.43
"333"	"u22"	"IH21"	2004	78.06	5.4	"IH212004"	48.95	18.41	4.08	47.79	17.83	19.93	12	2.1	1.63	52.21	13.4	15.97	0	1.17	9.79	44.64	1.35
"334"	"u13"	"MM21"	2004	25.68	20.91	"MM212004"	67.82	60.63	10.06	71.55	5.17	8.05	10.92	1.44	4.31	13.51	14.66	16.38	0.57	8.33	23.56	60.63	1.31
"335"	"u21"	"IH13"	2004	17.82	21.78	"IH132004"	39.24	44.94	8.23	66.14	12.34	7.91	12.66	14.56	11.39	38.29	17.72	26.58	0.63	3.8	11.39	57.91	1.29
"336"	"u28"	"IM11"	2004	9.09	34.27	"IM112004"	72.34	81.91	3.19	77.66	1.06	13.83	5.32	0	2.13	10.64	17.02	15.96	0	3.19	23.4	75.53	0.81
"337"	"u14"	"MM22"	2004	24.79	12.63	"MM222004"	43.04	33.82	9.01	60.42	16.44	4.29	12.77	8.27	26.39	8.38	11.94	22.51	3.25	12.25	13.93	36.54	1.89
"338"	"u10"	"MM11"	2004	8.93	39.29	"MM112004"	58.82	100	4.41	79.41	0	8.82	8.82	1.47	2.94	16.18	19.12	22.06	0	0	25	75	1.03
"339"	"u15"	"MM23"	2004	24.99	7.73	"MM232004"	29.46	36.96	24.39	45.65	30.39	3.56	15.38	51.84	24.33	4.69	8.07	10.13	3.75	22.08	14.51	17.51	3.41
"340"	"u1"	"MH11"	2004	32.88	16.67	"MH112004"	45.41	38.92	3.24	60	8.11	23.24	7.03	2.7	1.62	41.08	18.38	27.57	0	0	15.14	54.59	1.13
"341"	"u35"	"IM32"	2004	39.73	7.03	"IM322004"	58.43	22.38	6.1	36.92	22.67	10.17	21.51	10.76	20.06	13.37	12.79	20.93	0	11.63	11.92	28.49	1.62
"342"	"u11"	"MM12"	2004	10.74	23.99	"MM122004"	39.29	49.23	4.64	79.91	5.96	5.08	6.4	5.96	26.49	7.95	18.32	32.23	1.32	7.28	10.6	49.67	1.28
"343"	"u19"	"IH11"	2004	33.51	11.53	"IH112004"	54.55	33.33	3.03	63.33	8.48	19.7	7.88	1.82	1.21	44.24	16.67	17.88	0	0.61	14.85	61.21	0.95
"344"	"u36"	"IM33"	2004	39.44	4.78	"IM332004"	38.49	25.94	15.48	26.78	41	6.28	20.08	52.3	10.46	9.62	7.95	10.46	0.84	15.48	12.97	18.83	3.04
"345"	"u4"	"MH21"	2004	76.02	7.64	"MH212004"	47.88	24.23	5	50.96	11.54	19.04	15.38	2.31	3.27	45.77	19.23	25.38	0	1.35	11.73	42.31	1.48
"346"	"u25"	"IH31"	2004	90.23	4.94	"IH312004"	58.08	18.87	3.16	32.54	19.66	20.79	23.16	2.37	4.41	52.32	11.86	19.55	0.23	1.02	11.19	29.49	1.45
"347"	"u30"	"IM13"	2004	3.57	26.95	"IM132004"	39.11	65.33	7.11	58.22	26.22	2.67	9.78	35.11	20.89	8	6.22	20.89	1.78	9.33	17.78	49.33	1.29
"348"	"u24"	"IH23"	2004	77.02	3.12	"IH232004"	43.63	18.01	16.4	40.41	23.72	11.27	19.03	22.99	8.64	47	15.96	15.96	1.46	6.88	9.66	34.11	2.27
"349"	"u26"	"IH32"	2004	90.8	4.09	"IH322004"	50.11	15.57	8.74	29.85	23.24	12.15	24.52	11.94	15.35	39.45	11.94	22.81	1.28	2.56	7.25	24.31	2.13
"350"	"u31"	"IM21"	2004	21.95	17.25	"IM212004"	79.79	45.89	6.95	62.74	5.26	11.58	15.58	1.26	2.11	12.84	13.68	14.53	0	4	18.53	59.58	0.97
"351"	"u5"	"MH22"	2004	72.24	7.03	"MH222004"	35.98	19.43	6.6	55.41	14.64	6.22	15.41	11.48	17.22	36.56	18.66	24.31	3.25	3.06	9	32.82	2.37
"352"	"u23"	"IH22"	2004	77.89	4.21	"IH222004"	41.67	14.29	6.78	44.41	23.35	11.17	15.84	8.61	13.46	42.03	11.72	21.52	2.47	2.66	7.05	37.82	1.93
"353"	"u12"	"MM13"	2004	13.97	20.02	"MM132004"	27.77	52.41	9.26	68.84	17.73	2.61	8.87	34.55	33.38	5.35	11.34	16.43	2.87	12.26	14.6	29.99	1.96
"354"	"u34"	"IM31"	2004	38.61	11.22	"IM312004"	78.35	30.65	6.7	53.83	9.39	9.96	21.84	0.96	6.13	12.84	11.3	17.05	0.19	6.7	14.37	49.04	1.12
"355"	"u32"	"IM22"	2004	20.36	14.09	"IM222004"	53.33	34.6	7.41	55.34	18.41	5.61	14.71	6.56	21.59	8.89	10.48	20.74	0.95	12.17	14.39	47.72	1.38
"356"	"u6"	"MH23"	2004	76.51	4.55	"MH232004"	32.67	20.94	21.97	47.55	21.13	4.7	17.78	35.5	14.11	25.77	14.88	16.37	4.45	7.99	7.35	20.81	3.78
"357"	"u7"	"MH31"	2004	86.84	7.74	"MH312004"	60.23	25.34	4.36	38.93	12.25	19.63	22.99	3.02	3.36	51.51	15.77	23.49	0.67	1.17	13.76	26.85	1.8
"358"	"u20"	"IH12"	2004	27.46	14.4	"IH122004"	44.81	30.19	3.46	69.18	10.69	11.64	7.08	5.5	7.08	41.82	18.87	26.89	0.31	0.79	9.28	62.11	1.18
"359"	"u33"	"IM23"	2004	21.86	8.78	"IM232004"	30.75	33.96	16.79	34.15	43.4	3.58	14.72	50	18.68	6.23	7.17	9.81	1.32	16.79	15.09	27.36	2.66
"360"	"u18"	"MM33"	2004	46.76	5.54	"MM332004"	38.2	31.9	19.31	36.05	33.05	4.58	19.89	50.5	15.88	8.01	8.58	7.73	1.43	21.32	15.31	10.59	3.55
